dataset_id,fold,checkpoint,sparsity,features,features_added,accuracy,roc_auc_score,prediction_probas,ground_truth
46980,0,wide-v2-1.5k-nocat,0.5,17,0,0.8911764705882353,0.7694403141714874,"[0.9428891  0.00487909 0.0102541  0.01300074 0.00690855 0.00660718
 0.00690855 0.00855271] [0.01119506 0.04221612 0.75164837 0.09407815 0.00496032 0.03818681
 0.01336233 0.04435287] [0.79411495 0.02162632 0.05237935 0.04343579 0.01839077 0.02003907
 0.02090901 0.02910473] [0.95312864 0.0042534  0.00714496 0.00993351 0.00571062 0.00514986
 0.00644686 0.00823215] [0.9717316  0.00216305 0.00363369 0.00563461 0.00359936 0.00340289
 0.0046351  0.00519971] [0.98068947 0.00145182 0.002379   0.00329092 0.00244577 0.00259839
 0.00350077 0.00364386] [0.857084   0.01505544 0.03026349 0.03079764 0.01529199 0.01487993
 0.01535304 0.02127448] [0.983496   0.00114452 0.00176256 0.00286131 0.00227188 0.0023272
 0.0029605  0.00317605] [0.919978   0.00804187 0.01155161 0.02060062 0.01036898 0.008431
 0.0093771  0.0116508 ] [0.9160925  0.00815651 0.01541267 0.01819    0.00873639 0.00801917
 0.01168158 0.01371117] [0.88526744 0.01284047 0.01878386 0.02897688 0.01436637 0.0121004
 0.01107805 0.01658656] [0.96160734 0.00296649 0.00544079 0.00801238 0.0045785  0.00431142
 0.00623058 0.00685249] [0.01302124 0.04039865 0.76208204 0.08879159 0.00588511 0.03603535
 0.01207535 0.04171069] [0.90474373 0.00958971 0.02123926 0.01968294 0.00907856 0.00917774
 0.01163429 0.01485375] [0.76368934 0.03479084 0.02807681 0.05941908 0.04156589 0.02986213
 0.01474796 0.02784793] [0.8948966  0.01165611 0.01780456 0.02549393 0.01354794 0.01136624
 0.01028301 0.01495156] [0.89533705 0.0103206  0.02256345 0.02204475 0.01060284 0.01010702
 0.01260898 0.01641533] [0.01124779 0.05399548 0.68469566 0.13210426 0.00625725 0.0483487
 0.01307918 0.05027166] [0.7830717  0.02447099 0.05748547 0.04662303 0.01777351 0.02084001
 0.0198331  0.02990221] [0.9546354  0.00390071 0.00707279 0.00969742 0.00548961 0.00461219
 0.00695452 0.00763739] [0.9044487  0.00946204 0.02034338 0.02078596 0.00948493 0.00872949
 0.01180465 0.01494086] [0.8646999  0.01503673 0.02339047 0.03158401 0.01682954 0.01518168
 0.01359485 0.01968279] [0.97944736 0.00151055 0.00248135 0.00413876 0.00298105 0.00253856
 0.00321564 0.00368674] [0.91934943 0.00858991 0.01202282 0.02018553 0.01071069 0.00906289
 0.00807116 0.01200757] [0.96486217 0.00292974 0.00420388 0.00833146 0.00495539 0.00444802
 0.00457009 0.00569927] [0.96576875 0.00261293 0.00460791 0.00708351 0.00411202 0.0039747
 0.00570267 0.00613752] [0.96755385 0.00264871 0.00472534 0.00602967 0.00387676 0.00375472
 0.00535462 0.00605636] [0.9371297  0.00587537 0.00935481 0.01551251 0.00763417 0.00672234
 0.00798135 0.00978975] [0.9513279  0.00411673 0.00842423 0.00931702 0.00544447 0.00525752
 0.00779471 0.0083174 ] [0.94820964 0.00481398 0.00749181 0.01202351 0.0062597  0.00507337
 0.00772831 0.00839967] [0.89438796 0.0108854  0.02299131 0.02257939 0.0103972  0.01003867
 0.01273142 0.01598865] [0.98123384 0.00140732 0.00207093 0.0034363  0.00250953 0.00232456
 0.00345537 0.00356216] [0.8731135  0.01350506 0.02910073 0.0274374  0.01177305 0.01217744
 0.01403153 0.0188613 ] [0.9090687  0.00933724 0.01617234 0.02052057 0.01061119 0.00875748
 0.01162578 0.01390669] [0.96276575 0.00295219 0.00543142 0.00750254 0.00470673 0.00429479
 0.00560306 0.00674351] [0.73637867 0.03714244 0.03802751 0.04242235 0.07898492 0.02983298
 0.01401616 0.02319495] [0.8206568  0.02550822 0.02128228 0.04100843 0.03725543 0.02291468
 0.01129715 0.02007704] [0.8619874  0.01489553 0.0273797  0.03183615 0.01713902 0.01429269
 0.01336172 0.01910779] [0.80332685 0.02627904 0.0310404  0.046057   0.03155927 0.02273854
 0.01450536 0.02449353] [0.95124805 0.0040439  0.00758423 0.01105588 0.00600863 0.00540967
 0.00661521 0.0080344 ] [0.905087   0.00927543 0.01653712 0.02199864 0.01095355 0.00951952
 0.01184601 0.01478272] [0.8822838  0.01167244 0.02345169 0.02609134 0.01243534 0.01167244
 0.01432735 0.01806558] [0.00915328 0.06285255 0.6253523  0.16634567 0.00658655 0.05678087
 0.01501901 0.05790977] [0.7754025  0.02636759 0.05447471 0.05163653 0.02069123 0.02203403
 0.01913481 0.03025864] [0.8065299  0.02247311 0.03820276 0.04403082 0.02485316 0.02068808
 0.01775879 0.02546342] [0.9827921  0.00123963 0.00160389 0.00369218 0.00258224 0.00247353
 0.00264327 0.0029732 ] [0.9857035  0.00099073 0.00151423 0.00239148 0.00198909 0.00197002
 0.00265657 0.00278434] [0.93248916 0.0063239  0.01169426 0.01479899 0.00762072 0.00705622
 0.00890228 0.0111145 ] [0.94878477 0.00423456 0.00803421 0.01102511 0.00604283 0.00539429
 0.00748868 0.00899557] [0.8603975  0.01733491 0.02072254 0.03778278 0.01799107 0.01502308
 0.01142944 0.01931866] [0.97728753 0.00152243 0.00251068 0.00456348 0.0032986  0.00318414
 0.00341689 0.00421626] [0.9453702  0.00521501 0.00738189 0.0140542  0.00788165 0.00657312
 0.00581777 0.00770616] [0.91172546 0.00902661 0.01390998 0.02220408 0.01023219 0.00896556
 0.01049162 0.01344453] [0.95567214 0.00396772 0.00540221 0.01087309 0.0062072  0.00539076
 0.005551   0.00693589] [0.9718372  0.00225867 0.0035883  0.00569627 0.0035635  0.00315527
 0.00484927 0.00505148] [0.9663676  0.00252548 0.00389504 0.00742385 0.00462751 0.00418116
 0.00514634 0.00583303] [0.86202025 0.01486558 0.03617188 0.02851016 0.01162995 0.01287383
 0.01396509 0.01996322] [0.93149847 0.00633525 0.012701   0.01473011 0.00824612 0.00689973
 0.00900131 0.01058798] [0.65559167 0.05500893 0.05915824 0.07511479 0.05278172 0.04851037
 0.01795494 0.03587937] [0.89893264 0.01226053 0.01103219 0.02581807 0.01954666 0.01165017
 0.00833136 0.01242838] [0.90721965 0.00947564 0.01528919 0.02275068 0.01090995 0.00963585
 0.01115409 0.01356496] [0.9838004  0.00121201 0.00169262 0.00264145 0.00219898 0.00228099
 0.00295041 0.00322314] [0.8872883  0.01183427 0.02551503 0.02434    0.01083473 0.01053716
 0.0128796  0.01677094] [0.9729404  0.00225973 0.00332763 0.00511444 0.00333525 0.00326279
 0.00475593 0.00500383] [0.97286963 0.00214624 0.00335576 0.0055745  0.0035122  0.00306769
 0.00460917 0.00486481] [0.01451476 0.05607491 0.6725326  0.12454308 0.00880654 0.06172208
 0.01430872 0.04749731] [0.9486979  0.00436768 0.00794956 0.01132926 0.00600413 0.00553112
 0.00740789 0.00871247] [0.97774607 0.00158343 0.00242475 0.00420469 0.00296465 0.00287308
 0.003888   0.00431534] [0.89596194 0.0112987  0.01676877 0.02491665 0.0128703  0.01169542
 0.0110088  0.01547945] [0.95917463 0.00333471 0.0055553  0.00940891 0.00526151 0.00445645
 0.00613907 0.00666941] [0.9403149  0.00550394 0.00968052 0.01341084 0.00713643 0.0061104
 0.00832265 0.00952032] [0.936203   0.00596344 0.01169796 0.01362091 0.00713476 0.00626486
 0.00901956 0.0100955 ] [0.9835879  0.00116752 0.0019287  0.00253535 0.00221104 0.00228544
 0.00308478 0.00319924] [0.96119297 0.00312539 0.00498079 0.00889372 0.00524775 0.00468331
 0.0054003  0.00647579] [0.98106366 0.00146119 0.00195715 0.00356904 0.00250462 0.00238063
 0.00350418 0.0035595 ] [0.86068225 0.01476018 0.02892537 0.03028315 0.01511106 0.0144932
 0.01496613 0.02077867] [0.91173935 0.00841631 0.01901492 0.01809927 0.00852314 0.00840868
 0.0116516  0.01414673] [0.96677107 0.00274269 0.00480639 0.00654585 0.00413502 0.00385274
 0.00547394 0.0056723 ] [0.96838176 0.00230055 0.00345845 0.00777913 0.00439508 0.00395633
 0.00452479 0.00520389] [0.88200414 0.01141575 0.02829519 0.02466291 0.01191176 0.01112578
 0.01326242 0.01732203] [0.96787494 0.00259999 0.00509315 0.00626439 0.00460101 0.00365868
 0.00450945 0.00539836] [0.98015153 0.00145651 0.00221673 0.00359407 0.00259635 0.00250288
 0.00374096 0.00374096] [0.9409251  0.00631337 0.0049477  0.01382457 0.01715101 0.00645833
 0.00415042 0.00622945] [0.96426165 0.00305146 0.00489759 0.0076401  0.00463441 0.00377428
 0.00540109 0.00633941] [0.01738115 0.05109052 0.7119711  0.10981105 0.00751937 0.04193451
 0.01374927 0.04654304] [0.9462385  0.00455451 0.00959727 0.01066532 0.00582092 0.0054471
 0.00830797 0.0093684 ] [0.9658811  0.00256936 0.00515398 0.00660366 0.00442533 0.00441388
 0.00494034 0.00601234] [0.00697303 0.05325134 0.68259376 0.13659199 0.0046347  0.04754476
 0.01390791 0.05450252] [0.9547483  0.00363792 0.00619991 0.01119418 0.00617702 0.00524989
 0.00581456 0.00697824] [0.9058723  0.0094845  0.01915212 0.02095287 0.0097363  0.00882066
 0.01162099 0.01436027] [0.94085693 0.00494734 0.01275552 0.01190108 0.00620992 0.00640065
 0.00777385 0.00915468] [0.9664026  0.00253511 0.00368154 0.00819477 0.00470779 0.00395241
 0.00489473 0.00563104] [0.85128206 0.0164072  0.02525946 0.03553114 0.01921551 0.01617827
 0.01495726 0.02116911] [0.97286224 0.00221681 0.00316496 0.00558208 0.00352743 0.00324509
 0.00456334 0.00483806] [0.9388538  0.00549633 0.00924573 0.01466959 0.00821589 0.00720893
 0.00748355 0.00882617] [0.9739065  0.00188691 0.00323415 0.00530889 0.0033581  0.00305681
 0.00454612 0.00470249] [0.9417185  0.00593075 0.00813904 0.01540087 0.00874165 0.00690713
 0.00516795 0.00799411] [0.8179148  0.02151604 0.03427307 0.04269637 0.02452218 0.02125663
 0.01453477 0.02328616] [0.8575789  0.01570417 0.03186619 0.03180514 0.01372779 0.01379647
 0.01525395 0.02026738] [0.94086415 0.00527542 0.01073394 0.01212241 0.00625193 0.00581708
 0.00884196 0.01009311] [0.9743032  0.00182377 0.00346058 0.00488373 0.00342052 0.00342052
 0.00396803 0.00471966] [0.9146345  0.00896536 0.01340607 0.02043339 0.01072028 0.00949947
 0.00911033 0.01323058] [0.970855   0.00233687 0.0027928  0.00747798 0.00461269 0.00392594
 0.00350816 0.0044906 ] [0.9361923  0.00587944 0.00983594 0.01501717 0.00795879 0.00696299
 0.00798169 0.01017169] [0.9578799  0.00347473 0.00638876 0.00868109 0.00503091 0.00473341
 0.00635444 0.00745674] [0.97141004 0.00215007 0.00364767 0.00615449 0.0039491  0.00384417
 0.00423527 0.00460919] [0.874445   0.01386155 0.02068934 0.03143071 0.01472361 0.0128164
 0.0132665  0.01876688] [0.77909476 0.02985371 0.03880829 0.06129391 0.02869434 0.02649764
 0.01128858 0.02446875] [0.9839599  0.00113019 0.00168336 0.00278112 0.00218217 0.00220887
 0.00299476 0.00305961] [0.93967897 0.00596762 0.00885986 0.01453749 0.00758163 0.00663154
 0.00771517 0.00902774] [0.8809938  0.01272777 0.0221744  0.02695113 0.01327717 0.01268199
 0.01312456 0.01806916] [0.9689718  0.00250874 0.00396438 0.00651699 0.00388044 0.00352368
 0.00524641 0.00538759] [0.966222   0.00267196 0.00460774 0.00659121 0.00400126 0.00386394
 0.00581689 0.00622503] [0.96817124 0.00250411 0.00429495 0.00628985 0.00378192 0.00371708
 0.00545069 0.00579017] [0.938135   0.00589463 0.00965269 0.01593267 0.00824867 0.00665006
 0.00642877 0.00905751] [0.00156139 0.01340676 0.9288438  0.0178706  0.00112264 0.01417744
 0.00519255 0.01782482] [0.8978259  0.01112213 0.01432604 0.02570753 0.01489816 0.0121367
 0.00975666 0.01422687] [0.87835765 0.01383877 0.0186297  0.03036291 0.0157765  0.01373197
 0.01189341 0.01740908] [9.9030805e-01 6.8717345e-04 8.3500397e-04 1.5822634e-03 1.4458778e-03
 1.4487391e-03 1.7920873e-03 1.9008144e-03] [0.9561003  0.0037939  0.0070003  0.008614   0.00492501 0.00449393
 0.00700793 0.00806465] [0.9585985  0.00349845 0.00624914 0.00808802 0.00468113 0.00443697
 0.0069969  0.0074509 ] [0.97962856 0.0015776  0.00226434 0.00385529 0.00269927 0.00243793
 0.00373511 0.00380188] [0.9667729  0.00256151 0.0043105  0.00719053 0.00457371 0.00430669
 0.00461948 0.00566468] [0.01660308 0.04971769 0.69830614 0.1197009  0.00703495 0.0412025
 0.01603846 0.05139631] [0.8997101  0.00989321 0.01694889 0.02361556 0.01185355 0.01038902
 0.01221968 0.01536995] [0.90061736 0.01090515 0.01490396 0.02590069 0.01266035 0.01082121
 0.00989782 0.01429345] [0.772008   0.026933   0.05316405 0.04983748 0.02815375 0.02497978
 0.01731952 0.02760441] [0.9531141  0.00409694 0.00733939 0.00957478 0.00533289 0.00481791
 0.00749198 0.00823202] [0.88397115 0.01422412 0.01388073 0.02477012 0.03217215 0.01180511
 0.00682971 0.0123469 ] [9.9053609e-01 6.7126029e-04 8.2238921e-04 1.4483585e-03 1.3959163e-03
 1.3930558e-03 1.8173610e-03 1.9155709e-03] [0.9640768  0.00282731 0.00472744 0.00762724 0.0047923  0.00417419
 0.00539134 0.00638338] [0.97688216 0.00171346 0.00226173 0.00501546 0.00351654 0.00311988
 0.00327626 0.00421451] [0.9690276  0.00232265 0.0035488  0.00761629 0.00429823 0.00381577
 0.0042906  0.00508007] [0.8620005  0.01548335 0.02733433 0.03214188 0.01671194 0.01419371
 0.01366717 0.01846708] [0.9821331  0.00128104 0.001799   0.00339386 0.00247815 0.00221679
 0.0032069  0.00349116] [0.9218961  0.00727479 0.01683083 0.01580847 0.00757998 0.00708787
 0.0104754  0.01304656] [0.93314105 0.00708416 0.00595878 0.01800606 0.01510678 0.00783569
 0.00526067 0.0076068 ] [0.94607615 0.00466433 0.00877183 0.0116856  0.00629283 0.00566736
 0.00773447 0.00910745] [0.85141957 0.01653775 0.0280562  0.03423498 0.01685813 0.01586648
 0.01527148 0.02175538] [0.96393704 0.00280401 0.00487554 0.00792752 0.00454363 0.00396376
 0.00567668 0.00627182] [0.8973651  0.01018415 0.02052088 0.02239751 0.01036724 0.00964252
 0.01333476 0.01618785] [0.84667325 0.01571643 0.03253149 0.03314184 0.01614368 0.01558673
 0.01744066 0.02276594] [0.003631   0.04036814 0.764523   0.09495512 0.00275757 0.03957481
 0.00924531 0.04494502] [0.94092876 0.00593192 0.00560004 0.01540392 0.01405351 0.00695809
 0.00445943 0.00666435] [0.9465643  0.00476348 0.00794804 0.01258567 0.00663227 0.00554151
 0.00752852 0.00843621] [0.67433697 0.05124058 0.05224769 0.06476028 0.06256294 0.04251228
 0.01815851 0.03418073] [0.95399964 0.00374945 0.00609142 0.01106907 0.00621729 0.00546588
 0.00611049 0.00729674] [0.9551328  0.0040667  0.00615346 0.01027738 0.00548203 0.00451686
 0.00694696 0.00742383] [0.8998165  0.01246524 0.01055808 0.02810401 0.01702718 0.01116837
 0.00776217 0.01309842] [0.8748598  0.01276956 0.02883449 0.02708001 0.01157194 0.01164059
 0.01479865 0.01844492] [0.8363492  0.0185835  0.03731958 0.0373501  0.01527265 0.01577614
 0.01608129 0.02326752] [0.9604272  0.00343696 0.00434103 0.01032996 0.00572192 0.004856
 0.00479496 0.00609193] [0.08910181 0.06038784 0.61028636 0.10136857 0.01840013 0.05108097
 0.01939185 0.04998245] [0.97029996 0.00223752 0.00410879 0.00676024 0.00437203 0.00376162
 0.00380549 0.00465434] [0.98100287 0.00136668 0.00203905 0.00353448 0.002514   0.00241672
 0.00354593 0.00358026] [0.8703164  0.01657484 0.01342318 0.02985302 0.02941042 0.01585751
 0.0094092  0.01515545] [0.9327631  0.00627234 0.01265915 0.01382663 0.00697817 0.00660046
 0.00969085 0.01120933] [9.8846835e-01 7.8025332e-04 9.2857773e-04 2.2968824e-03 1.8180474e-03
 1.6616152e-03 1.9382332e-03 2.1080193e-03] [0.97160554 0.00230199 0.00348255 0.00590089 0.0036008  0.00309158
 0.00492821 0.00508842] [0.93979084 0.00559145 0.00861983 0.01493596 0.0075557  0.00661744
 0.00747561 0.00941317] [0.8626153  0.01352413 0.03096896 0.0291688  0.01406571 0.0137911
 0.01572857 0.02013745] [0.9708457  0.00242078 0.00320672 0.00679497 0.00410522 0.00364166
 0.00421586 0.00476907] [0.9004181  0.01122318 0.01568651 0.02430799 0.01474044 0.01056703
 0.00954466 0.01351207] [0.8695692  0.01420496 0.0282726  0.02949321 0.01293094 0.01238929
 0.01434228 0.01879754] [0.92733806 0.00699303 0.01368849 0.01628274 0.00859918 0.00741269
 0.00901121 0.01067458] [0.80499154 0.02001495 0.06181446 0.03752803 0.01621638 0.01906912
 0.01609434 0.02427118] [0.9739149  0.00202899 0.00297483 0.0056026  0.00338292 0.00300344
 0.00446606 0.00462625] [0.95150405 0.00419548 0.00831468 0.01035139 0.00575543 0.00530919
 0.00677761 0.00779215] [0.91182286 0.0095007  0.01246156 0.0228322  0.01223263 0.00998146
 0.00874522 0.0124234 ] [0.9190926  0.00790532 0.01325438 0.01915285 0.00977482 0.00853866
 0.00969851 0.01258289] [0.93195826 0.00671645 0.00854336 0.01797156 0.01055715 0.0081467
 0.00676222 0.0093443 ] [0.966469   0.00265738 0.00404425 0.00751239 0.00436474 0.0040557
 0.00509347 0.00580312] [0.9731575  0.0021458  0.00298504 0.00579842 0.00350957 0.00324063
 0.00445944 0.00470358] [0.9426733  0.00542718 0.00807021 0.01374528 0.00778035 0.00675823
 0.00666669 0.00887875] [0.85907024 0.01704771 0.02101584 0.03726992 0.0191844  0.01513232
 0.01206465 0.01921492] [0.86967534 0.01561821 0.01696868 0.03201465 0.02377446 0.01496204
 0.01050624 0.01648037] [0.8471809  0.01719692 0.02668803 0.03524834 0.01921111 0.01754788
 0.01495384 0.02197299] [0.94972515 0.00448617 0.00785843 0.01055165 0.00561534 0.0050622
 0.00798813 0.00871293] [0.01611365 0.06530911 0.6049943  0.17798258 0.00891897 0.05658089
 0.01492344 0.05517704] [0.88103414 0.01308701 0.01858889 0.03059994 0.01597912 0.01242312
 0.01163714 0.01665064] [0.91971487 0.00880234 0.0096719  0.02186093 0.01256279 0.00950409
 0.00724248 0.01064061] [0.9716204  0.00232873 0.0034559  0.00579799 0.00367905 0.00309735
 0.00480623 0.00521437] [0.8275673  0.01998734 0.02781444 0.04452141 0.02294729 0.0198195
 0.01421237 0.02313038] [0.9790459  0.00149829 0.00243579 0.00380723 0.00270283 0.00275051
 0.00371949 0.00403994] [0.97051984 0.00231318 0.00412291 0.00574004 0.00373579 0.00360993
 0.00459203 0.00536627] [0.9577187  0.00377924 0.00469305 0.01121754 0.00623833 0.00519288
 0.00483804 0.00632227] [0.9750595  0.00180333 0.00316989 0.0049818  0.00360284 0.00316417
 0.00371728 0.00450117] [0.97659975 0.00176436 0.00349058 0.00376334 0.00307858 0.00307286
 0.00381294 0.00441759] [0.9266553  0.00625541 0.01704218 0.01463156 0.00843718 0.00747217
 0.00869655 0.01080966] [0.8607545  0.01490636 0.03353549 0.0296754  0.01247282 0.01340352
 0.01482244 0.02042949] [0.34251362 0.08398053 0.22948168 0.09557668 0.09093822 0.07824349
 0.02638124 0.05288454] [0.882506   0.01290396 0.02144301 0.02817353 0.01375863 0.01238506
 0.01115647 0.01767332] [0.10901212 0.08618427 0.34669027 0.27295756 0.02262948 0.0667745
 0.02433851 0.07141332] [0.97647774 0.00175365 0.00259568 0.00479084 0.00316211 0.00308964
 0.0037972  0.00433312] [0.88920766 0.0114447  0.02577347 0.02288941 0.01030023 0.01056728
 0.01323008 0.01658719] [0.91855866 0.00895027 0.01005665 0.02273811 0.01095702 0.00933178
 0.00751197 0.01189554] [0.9662754  0.0026454  0.00382029 0.00839967 0.00477202 0.0041388
 0.0044516  0.00549679] [0.85246754 0.01611193 0.02607508 0.03481764 0.01875148 0.01583729
 0.01494473 0.02099433] [0.9300942  0.00679719 0.01123711 0.01646279 0.00786522 0.00686967
 0.00950539 0.01116845] [0.97746265 0.00170504 0.00283791 0.00397842 0.0028608  0.00292755
 0.00408141 0.00414625] [0.92861176 0.00720138 0.0091543  0.01743893 0.01521139 0.00907038
 0.00542392 0.00788795] [0.00802781 0.05008985 0.7110867  0.12087497 0.00489528 0.04767846
 0.01137781 0.04596912] [0.8432424  0.01629601 0.0350639  0.03454511 0.0161892  0.0153271
 0.01716574 0.02217051] [0.8956171  0.01087321 0.02226529 0.02247894 0.01038487 0.01014833
 0.01259004 0.01564217] [0.97576183 0.0016988  0.00288443 0.00485317 0.00321065 0.00328123
 0.00403668 0.00427323] [0.895583   0.00959095 0.02748339 0.02025011 0.0121165  0.01075072
 0.01070494 0.01352042] [0.8135262  0.01928829 0.04626747 0.03946164 0.01770128 0.01828115
 0.01908991 0.02638406] [0.9692808  0.00240718 0.00383585 0.00675994 0.00436039 0.00400942
 0.00413531 0.00521111] [0.89227366 0.01280476 0.0117059  0.02792934 0.02103094 0.01260636
 0.00846274 0.01318631] [0.95869905 0.00343205 0.00623835 0.00811176 0.00471215 0.00454045
 0.00687936 0.00738682] [0.9428927  0.00517666 0.01131465 0.0108111  0.00590529 0.00559629
 0.00839253 0.00991081] [0.00183842 0.01289949 0.9305327  0.01695012 0.0012129  0.01309019
 0.00562588 0.01785026] [0.9543018  0.00412074 0.00520815 0.01225538 0.0068679  0.00531117
 0.00529973 0.00663515] [0.97003907 0.00232464 0.0041382  0.00591934 0.00397038 0.00368814
 0.00461113 0.0053091 ] [0.9661004  0.00275552 0.00445842 0.00701753 0.00432875 0.00404271
 0.00525933 0.00603736] [0.93848014 0.00550463 0.0122376  0.01217656 0.00681689 0.00602343
 0.00817874 0.01058201] [0.86708826 0.01521127 0.01946799 0.03332138 0.01887296 0.01528756
 0.01227429 0.01847628] [0.9177727  0.00828375 0.01301297 0.01929825 0.01012967 0.00916095
 0.00948131 0.01286041] [0.89167637 0.01137638 0.01974653 0.0256064  0.01222332 0.01098725
 0.0120402  0.01634353] [0.8475528  0.01600452 0.0314903  0.03445014 0.01582143 0.01472293
 0.01727084 0.02268705] [0.26346794 0.07648872 0.2834905  0.19558649 0.03464274 0.05661875
 0.0251198  0.06458505] [0.94076365 0.00587748 0.0063428  0.01487488 0.01247201 0.0072086
 0.0050422  0.00741837] [0.921875   0.00860596 0.00867462 0.02194214 0.01245117 0.00937653
 0.00694275 0.01013184] [0.8110042  0.02610679 0.0250082  0.04098354 0.03823707 0.02247534
 0.01395363 0.02223121] [0.95382434 0.00447181 0.00554017 0.01265997 0.00721519 0.00545622
 0.00447945 0.00635288] [0.9767963  0.0017714  0.00259843 0.00466649 0.00300289 0.00268619
 0.00422007 0.00425822] [0.9227354  0.00756359 0.01183933 0.01884223 0.00980254 0.00865827
 0.00891001 0.01164862] [0.89865005 0.01044711 0.02684656 0.01921536 0.00893613 0.00960005
 0.01122549 0.01507925] [0.00147139 0.01322057 0.9305815  0.01794275 0.00111951 0.01367829
 0.00456197 0.01742399] [0.88365424 0.01472249 0.01289934 0.03037561 0.02184725 0.01347908
 0.00877247 0.01424953] [0.9005349  0.01053788 0.01542148 0.02434167 0.01272024 0.01095757
 0.0105684  0.01491786] [0.95906484 0.00358993 0.00484126 0.01001824 0.00584461 0.0048527
 0.00555085 0.00623755] [0.9627437  0.00305129 0.00539697 0.00747948 0.00460745 0.00432139
 0.00568303 0.00671666] [0.9304653  0.00646834 0.01262395 0.01465294 0.007746   0.00732647
 0.00922197 0.01149504] [0.83159375 0.01812855 0.03448697 0.03903437 0.01770128 0.01654154
 0.01803699 0.02447659] [0.9242776  0.0072171  0.01347295 0.01641777 0.0082394  0.0075566
 0.01036028 0.01245828] [0.97670406 0.00180652 0.00311515 0.00415099 0.00303122 0.00289768
 0.00399457 0.00429979] [0.93650556 0.00623691 0.00949841 0.01532716 0.00767884 0.00604618
 0.00862105 0.01008587] [0.9810815  0.00139922 0.00200106 0.00350424 0.00248941 0.00235778
 0.00359009 0.00357673] [0.9469977  0.00476185 0.00813483 0.01212593 0.00627282 0.00523117
 0.00782195 0.00865375] [0.91198415 0.00883363 0.01412007 0.02134411 0.01110687 0.00977954
 0.00977191 0.01305973] [0.94969976 0.00451275 0.00611873 0.01295461 0.00704188 0.00591655
 0.00597758 0.00777811] [0.9480903  0.00457309 0.00657167 0.01328828 0.00681959 0.00538549
 0.00705606 0.00821554] [0.7796602  0.03344191 0.02570694 0.05699771 0.03975803 0.028865
 0.01120578 0.02436438] [0.8257025  0.02130176 0.02780215 0.04504498 0.02142383 0.02009629
 0.01430544 0.02432307] [0.9572248  0.00381547 0.00656642 0.00879084 0.00512417 0.00447554
 0.00632605 0.00767672] [0.88057935 0.01234728 0.02248151 0.02739601 0.01324776 0.01194283
 0.01382773 0.01817752] [0.93573606 0.00591398 0.00866111 0.01686437 0.00888241 0.00712348
 0.00739438 0.00942421] [0.9308274  0.00658532 0.01078223 0.01668078 0.00834802 0.00686766
 0.00921793 0.01069066] [0.87053907 0.0136632  0.02602951 0.02985917 0.01375475 0.01252651
 0.01441846 0.01920935] [0.9381422  0.00570009 0.01092709 0.01312471 0.00674168 0.0062495
 0.0088134  0.01030137] [0.910787   0.0095535  0.00923301 0.02283072 0.0183592  0.0107515
 0.00755047 0.01093463] [0.90882313 0.00933973 0.02017504 0.01864894 0.00884375 0.00872929
 0.01115579 0.0142843 ] [1.2435534e-03 1.1436113e-02 9.4088924e-01 1.4571699e-02 9.0787024e-04
 1.1695505e-02 3.9900518e-03 1.5265953e-02] [0.9737331  0.00215553 0.00389139 0.00465441 0.00325427 0.00311693
 0.00440261 0.00479175] [0.9818025  0.00135976 0.00188421 0.00331644 0.00238196 0.00226372
 0.00350905 0.00348235] [0.9471103  0.0046608  0.00894781 0.01077094 0.005908   0.00546175
 0.0083223  0.00881813] [0.00511164 0.01214586 0.9389541  0.01216112 0.00227735 0.01042926
 0.0052337  0.01368698] [0.9311346  0.00664508 0.01035289 0.01635711 0.00875838 0.00780091
 0.00823959 0.01071147] [0.8918823  0.01372209 0.0114338  0.02721535 0.02414904 0.01319578
 0.00670849 0.01169314] [0.868955   0.01504958 0.02071701 0.0322807  0.01720824 0.01475972
 0.01231121 0.01871854] [0.9112023  0.01007157 0.01059804 0.02467535 0.01424517 0.01048359
 0.00737819 0.01134577] [0.92819786 0.00717907 0.01017734 0.01898143 0.00945257 0.00741939
 0.00788858 0.01070375] [0.86069536 0.01374586 0.03411293 0.02942926 0.0133492  0.0131051
 0.01562238 0.01993989] [0.88964844 0.01179504 0.01734924 0.02841187 0.0138855  0.01218414
 0.01055145 0.01617432] [0.85136116 0.01580437 0.03432416 0.03261558 0.0157586  0.01450005
 0.01543824 0.02019786] [0.7752842  0.03148982 0.01722481 0.03811122 0.08153177 0.02904874
 0.00929133 0.01801816] [0.80091566 0.02312095 0.0398016  0.04547882 0.02312095 0.02215948
 0.01805418 0.02734834] [0.8648121  0.01573301 0.02452274 0.03323618 0.01674017 0.01377974
 0.01246738 0.0187087 ] [0.98318374 0.00121758 0.00172768 0.00317504 0.00226162 0.00232074
 0.00290998 0.00320365] [0.9649505  0.00274307 0.00443317 0.00792019 0.00490243 0.0042653
 0.00496729 0.00581806] [0.9388001  0.00577062 0.00832984 0.01512644 0.00860445 0.00728098
 0.00705595 0.00903162] [0.94628906 0.0050354  0.00852203 0.01167297 0.00675964 0.00582123
 0.00691986 0.0089798 ] [0.6841551  0.04327855 0.05853897 0.08014772 0.03915824 0.03943292
 0.01893818 0.03635032] [0.9756566  0.00180067 0.00306342 0.00442155 0.00311111 0.0030577
 0.00433    0.00455889] [0.924907   0.00700074 0.01408542 0.01596246 0.00801175 0.00759209
 0.01061366 0.01182687] [0.91485757 0.00866527 0.01514897 0.01914598 0.00950434 0.00875681
 0.01047308 0.01344796] [0.084039   0.08037717 0.4318518  0.22886437 0.02114707 0.05819258
 0.02528188 0.07024611] [0.15283437 0.07061876 0.41870755 0.18347448 0.02517739 0.04995804
 0.03038071 0.06884871] [0.98281455 0.00126159 0.00185281 0.00278827 0.00227525 0.00235153
 0.00323073 0.00342526] [0.86751693 0.01327272 0.02733874 0.02953561 0.01370751 0.01283792
 0.01575944 0.02003112] [0.94812286 0.00461139 0.00727371 0.012503   0.00680075 0.00605316
 0.00648798 0.00814717] [0.96994674 0.00219013 0.00371827 0.00636818 0.00396437 0.00383464
 0.00464736 0.00533034] [0.9223844  0.00794238 0.01268797 0.01866193 0.0096514  0.00834675
 0.00813312 0.01219205] [0.8905978  0.01139034 0.02418444 0.02354359 0.01132931 0.01071134
 0.01266441 0.01557875] [0.92805624 0.00678132 0.01321174 0.01555355 0.00771194 0.00712076
 0.00981727 0.01174716] [0.84331965 0.01643484 0.04034701 0.03274761 0.01360414 0.01472574
 0.01609913 0.0227219 ] [0.90056926 0.01053065 0.01542207 0.02507516 0.01263678 0.00977519
 0.01131664 0.01467424] [0.5430019  0.06610511 0.09076482 0.07227004 0.1081609  0.05798694
 0.02005127 0.04165904] [0.8719439  0.01442509 0.01899444 0.0313065  0.01862828 0.01498959
 0.01209084 0.01762135] [0.9361387  0.00576083 0.00975908 0.01442878 0.008378   0.00738989
 0.00794308 0.01020163] [0.58258176 0.04874178 0.07679043 0.03891407 0.16163836 0.04391949
 0.01782417 0.02958995] [0.91614145 0.00779068 0.01791628 0.01719902 0.00817983 0.00794329
 0.01133121 0.01349825] [0.9795202  0.0015984  0.00227172 0.00384532 0.00268181 0.00246627
 0.00377475 0.00384151] [0.9180318  0.00769859 0.01805239 0.01707576 0.00822505 0.00780541
 0.01014016 0.01297086] [0.88243866 0.0125062  0.01892335 0.02844607 0.01524551 0.01228492
 0.01321582 0.01693945] [0.93295246 0.00618642 0.01193804 0.01440956 0.00753661 0.0071285
 0.00893256 0.01091587] [0.930229   0.00653877 0.01131504 0.0164957  0.00847674 0.00764128
 0.00885823 0.01044524] [0.9745991  0.00193689 0.00339314 0.005413   0.00397869 0.00351521
 0.00312039 0.00404354] [0.01398468 0.04833984 0.7104492  0.11413574 0.00611115 0.04071045
 0.01564026 0.05062866] [0.13282871 0.07508241 0.4028812  0.21694542 0.02466121 0.05402271
 0.02618728 0.06739104] [0.9173475  0.00786477 0.01595838 0.01818584 0.00898612 0.0084674
 0.01035922 0.01283078] [0.94152117 0.00486815 0.01118606 0.0118499  0.00640184 0.00611952
 0.00826364 0.00978971] [0.0284716  0.07824349 0.47605243 0.25291812 0.01266422 0.06451121
 0.02043058 0.06670837] [0.90772176 0.00916297 0.02009598 0.0191957  0.00897224 0.0088578
 0.01145181 0.01454174] [0.00482564 0.02491784 0.8603598  0.04489179 0.00241282 0.02331565
 0.00849923 0.03077727] [0.90395343 0.00962221 0.01884762 0.02151834 0.00969088 0.00901176
 0.01229292 0.01506284] [0.9670841  0.00262778 0.00390925 0.00746762 0.00426394 0.00355647
 0.00527463 0.0058162 ] [0.9585875  0.00347171 0.00563485 0.01007176 0.00585993 0.00507022
 0.00469253 0.0066115 ] [0.91260463 0.00850684 0.01605237 0.01969925 0.00971992 0.00925453
 0.01062783 0.01353465] [0.00186469 0.01700059 0.9088145  0.02548563 0.00129622 0.01759577
 0.00590595 0.02203668] [0.9804641  0.00153255 0.0020275  0.00358389 0.00253676 0.00240706
 0.0037422  0.00370596] [0.97207344 0.0020769  0.00375711 0.00572149 0.00371325 0.00356067
 0.0042072  0.00488997] [0.00380174 0.027545   0.8467685  0.05225157 0.00241114 0.02757552
 0.00805749 0.03158901] [0.01121448 0.0649372  0.60884726 0.1752816  0.00732756 0.05703365
 0.01615801 0.05920026] [0.94741017 0.00470805 0.00852333 0.01106431 0.00602051 0.00525746
 0.00781369 0.00920245] [0.8745851  0.01345175 0.02246282 0.02855159 0.01538978 0.01406978
 0.01296343 0.01852573] [0.0078575  0.0246405  0.8671015  0.04049281 0.00411946 0.02332838
 0.00727009 0.02518976] [0.8943197  0.01145664 0.0185503  0.02553717 0.01289063 0.01098373
 0.01066337 0.01559842] [0.9664948  0.00263646 0.0046243  0.00668082 0.00421224 0.00382497
 0.00533016 0.00619626] [0.9580133  0.00372126 0.00563434 0.00991827 0.00552753 0.00462344
 0.00584415 0.00671772] [0.01453533 0.06488631 0.60064095 0.18092477 0.00785137 0.05411262
 0.01689303 0.06015565] [0.66939276 0.05157156 0.0471773  0.08220934 0.04882514 0.04491913
 0.01800427 0.03790052] [0.8978191  0.01080166 0.01987932 0.0234341  0.01071775 0.00991677
 0.01193827 0.01549305] [0.9301545  0.00875072 0.00758344 0.01950029 0.01164219 0.00821667
 0.00531757 0.00883464] [0.95852166 0.00384913 0.00418483 0.01155884 0.00656145 0.0050012
 0.00449383 0.00582901] [0.95148593 0.00402758 0.00806279 0.0101071  0.00560276 0.0053663
 0.00727711 0.00807042] [0.9779788  0.00162117 0.00262629 0.00382786 0.00279031 0.0028666
 0.00404719 0.00424173] [0.8634657  0.01607094 0.02796008 0.03321022 0.01393425 0.01277434
 0.01306431 0.01952016] [0.9258201  0.00756105 0.01094101 0.01892169 0.01001782 0.00776323
 0.00807224 0.01090286] [0.9112649  0.00879797 0.01509313 0.02054131 0.01093451 0.00975941
 0.01002648 0.01358229] [0.9536842  0.003897   0.00650836 0.01060565 0.00582929 0.00537912
 0.00642061 0.00767574] [0.8974404  0.01107763 0.01512874 0.02545108 0.01438108 0.01158878
 0.01031471 0.01461759] [0.9278547  0.0060013  0.01445195 0.01537522 0.00805006 0.00758079
 0.00918698 0.01149899] [0.87061876 0.01425193 0.02105745 0.03164721 0.01692226 0.01451896
 0.01267262 0.01831083] [0.88764113 0.01108483 0.02242905 0.02483979 0.0117867  0.01077968
 0.01375496 0.01768386] [0.89563084 0.0101256  0.02334915 0.02229615 0.01067499 0.0101256
 0.01226212 0.01553558] [0.91274387 0.00819528 0.01578012 0.01927494 0.01024029 0.00888967
 0.01097283 0.01390298] [0.95681953 0.00387106 0.00527456 0.01044233 0.00628523 0.00536609
 0.0050381  0.00690307] [0.94070625 0.00502283 0.01063298 0.01316537 0.00764293 0.0063119
 0.00757047 0.00894727]",0 2 4 0 0 0 0 0 0 0 0 0 2 0 0 0 0 2 0 0 0 2 0 0 0 0 0 0 0 0 0 0 1 0 0 2 0 0 0 0 0 0 3 0 0 0 0 0 0 0 0 0 0 0 0 0 1 0 0 0 0 0 0 0 0 3 0 0 0 0 0 0 0 0 0 0 0 0 0 0 0 0 0 0 2 0 0 3 0 2 0 0 4 0 0 0 5 0 0 0 7 0 0 0 0 0 0 3 0 0 0 0 0 0 0 2 0 0 0 0 0 0 0 2 0 0 0 0 0 0 0 0 0 0 0 0 0 0 0 0 0 0 2 0 0 0 0 0 0 0 0 0 7 0 0 0 0 0 0 3 4 0 0 0 0 0 0 0 0 0 0 0 0 0 0 3 0 0 5 0 3 0 0 0 0 0 0 0 1 0 0 0 2 0 7 0 0 0 0 0 6 2 0 0 0 0 3 0 0 0 0 2 0 0 0 0 0 0 0 4 3 0 0 0 0 0 0 0 2 7 0 0 0 0 1 0 0 0 0 0 0 0 0 0 0 0 0 0 0 0 0 0 6 2 0 0 0 2 0 0 0 0 0 0 0 7 0 0 0 0 0 0 0 0 0 0 0 3 0 0 0 0 0 0 0 0 4 0 0 0 0 0 0 0 0 0 0 0 0 2 0 0 0 1 0 2 0 0 0 0 2 0 0 2 3 0 0 2 0 7 0 2 5 0 0 0 0 0 0 0 0 0 0 0 0 0 0 0 0 0
46980,1,wide-v2-1.5k-nocat,0.5,17,0,0.8852941176470588,0.8054926441637325,"[0.95013005 0.00505413 0.00692701 0.00698805 0.0065532  0.00582464
 0.00816289 0.01036001] [0.9441379  0.00604503 0.00709385 0.0106484  0.00671246 0.00648744
 0.00725785 0.01161713] [0.8154235  0.0227812  0.04608119 0.03549167 0.02848794 0.01942429
 0.00875085 0.02355939] [0.9566926  0.00449823 0.00553599 0.00632194 0.00591752 0.00428458
 0.00734063 0.00940851] [0.8977848  0.0117166  0.01347104 0.02758284 0.01183865 0.0122048
 0.00983249 0.01556874] [0.96354616 0.00313432 0.00318964 0.0074018  0.00406336 0.00566199
 0.00455554 0.00844721] [0.8643172  0.01626699 0.02408002 0.02697939 0.01817447 0.01300901
 0.01756407 0.01960889] [0.7923596  0.02758368 0.03804961 0.04552528 0.02875843 0.01917737
 0.02265584 0.02589021] [0.9251024  0.00801684 0.01058742 0.01597266 0.01009924 0.00840586
 0.00913813 0.01267744] [0.06535769 0.07982059 0.39983523 0.27510032 0.021435   0.07091095
 0.01461547 0.07292477] [0.8609318  0.01664912 0.02304323 0.03064292 0.01872453 0.01516886
 0.01574875 0.01909078] [0.01620582 0.03958372 0.72514194 0.1257401  0.00604666 0.04492462
 0.00329228 0.03906488] [0.8012573  0.02792316 0.03842105 0.04186948 0.02420007 0.01823398
 0.02091948 0.02717549] [1.3319895e-03 4.3973774e-03 9.7293019e-01 5.9229201e-03 4.3907028e-04
 5.1143821e-03 2.0737849e-04 9.6566863e-03] [0.975319   0.00217106 0.0022798  0.00255452 0.00303337 0.00299713
 0.00456723 0.00707787] [0.03799525 0.07684502 0.43165052 0.2810123  0.01757853 0.08191106
 0.01126887 0.06173847] [0.8610172  0.01724598 0.02208402 0.03180587 0.01826853 0.01359838
 0.01554428 0.02043573] [0.8019046  0.02860021 0.03674989 0.04377022 0.02341127 0.01727611
 0.02038947 0.02789818] [0.8854093  0.01451366 0.01941259 0.02277011 0.01468153 0.01066014
 0.01448313 0.01806958] [0.9500866  0.00489751 0.00569469 0.00977214 0.00593118 0.0065529
 0.00651476 0.01055025] [9.8590046e-01 9.3847327e-04 8.5120671e-04 1.1816751e-03 1.5145279e-03
 2.1077499e-03 2.4777984e-03 5.0280802e-03] [0.9259261  0.00863019 0.01094989 0.01373506 0.00952297 0.00749705
 0.01040049 0.01333827] [0.9082932  0.0108806  0.01529845 0.01616066 0.01225402 0.00868311
 0.01248293 0.01594702] [0.7568129  0.03417864 0.04531722 0.05486893 0.02961641 0.0218194
 0.0267631  0.03062345] [0.9117672  0.01033186 0.01426925 0.01703154 0.01322386 0.00929409
 0.0105684  0.01351382] [0.9706902  0.00274273 0.0030479  0.00361628 0.00378604 0.0031509
 0.00537865 0.00758733] [0.92825097 0.00805689 0.00984985 0.01485488 0.00907926 0.00776696
 0.00928526 0.01285592] [0.9339146  0.0072123  0.01022156 0.01108352 0.00820013 0.00701778
 0.00965708 0.01269304] [0.86762285 0.01832469 0.0185383  0.02374123 0.02528227 0.01560116
 0.0124733  0.01841624] [0.87354183 0.01692213 0.0245058  0.02586384 0.01602185 0.0122529
 0.01192483 0.01896682] [0.79549515 0.02723985 0.03982969 0.04242396 0.02673625 0.01886188
 0.0227075  0.02670573] [0.7283489  0.04195207 0.05473601 0.06254672 0.02773413 0.0233101
 0.02546109 0.03591097] [0.96241885 0.00363738 0.00434501 0.00508889 0.00492486 0.00409706
 0.00628673 0.00920121] [0.90392584 0.0110488  0.01485636 0.01953378 0.01277326 0.00915646
 0.01249857 0.01620694] [0.95995    0.00392909 0.00495142 0.00529474 0.00517649 0.00430674
 0.00695411 0.00943745] [0.9453522  0.00543236 0.00775942 0.00741227 0.00768312 0.00559258
 0.00924721 0.01152087] [0.8804517  0.01600794 0.02342439 0.0209675  0.0182054  0.01294827
 0.01035404 0.01764078] [0.9119146  0.01066362 0.01380625 0.01830664 0.01243326 0.00977117
 0.00954233 0.01356217] [0.9252365  0.0084376  0.01181721 0.01250381 0.01016936 0.00760604
 0.01074916 0.01348032] [0.9455253  0.00578057 0.0073831  0.00918023 0.00684511 0.00597898
 0.00815766 0.01114905] [0.9446296  0.00593063 0.0077575  0.0091839  0.00778038 0.00545771
 0.00859656 0.0106637 ] [0.9243975  0.00866012 0.01192579 0.01274221 0.00991908 0.00712266
 0.0115214  0.01371123] [0.0644029  0.07209462 0.35797024 0.310599   0.02019077 0.10835559
 0.01107974 0.05530713] [0.86228496 0.01631127 0.02166699 0.03170704 0.01806599 0.01548732
 0.015144   0.01933244] [0.9117185  0.01006425 0.01462711 0.0166186  0.01130797 0.00922492
 0.01184209 0.01459659] [0.9579567  0.00432564 0.00520678 0.00624814 0.00554246 0.00435997
 0.00700722 0.00935314] [0.6688228  0.04997864 0.06907915 0.07908708 0.0353634  0.02919998
 0.02843718 0.04003173] [0.9554097  0.00462647 0.00587367 0.00671277 0.00609489 0.00455019
 0.00734209 0.00939024] [0.9368545  0.00649153 0.00811631 0.01197614 0.00809343 0.00758235
 0.00833753 0.01254825] [0.84575474 0.0187542  0.02406458 0.03744736 0.02031069 0.01709089
 0.01614478 0.02043277] [0.85262364 0.01796138 0.02536262 0.03137518 0.02003678 0.01395555
 0.0183734  0.02031146] [0.8254821  0.02196729 0.02556749 0.05040273 0.02038077 0.02048755
 0.01433976 0.02137235] [0.93247133 0.00788756 0.00972596 0.01312813 0.00871903 0.00750996
 0.00829185 0.01226615] [2.9226963e-03 1.6910432e-02 8.8447052e-01 4.9632423e-02 1.4413167e-03
 2.2648990e-02 7.1350421e-04 2.1260137e-02] [0.8679654  0.01577398 0.01990816 0.03270736 0.01697915 0.01363061
 0.0137374  0.01929795] [0.95955867 0.00369105 0.00405539 0.00761863 0.00525331 0.00539065
 0.00561955 0.00881274] [5.6260230e-04 3.3603569e-03 9.7840166e-01 5.4658246e-03 2.5913081e-04
 4.3177344e-03 1.3385645e-04 7.4988212e-03] [0.9534314  0.00478272 0.00629686 0.0071245  0.0060337  0.00501156
 0.00748682 0.00983241] [0.8774615  0.0151981  0.01843304 0.02945014 0.01808208 0.01419863
 0.01123073 0.0159458 ] [0.84180975 0.01907378 0.02537575 0.03875792 0.0221561  0.01617456
 0.01664759 0.02000458] [0.86151874 0.01700205 0.02191647 0.03241684 0.017872   0.01362148
 0.01507902 0.0205734 ] [0.8616718  0.01688864 0.0165225  0.04052054 0.01612583 0.01784979
 0.01170153 0.01871939] [0.97670406 0.00202399 0.00224909 0.00246465 0.00304266 0.00283664
 0.00424256 0.00643633] [0.90321696 0.01196152 0.01629452 0.02091741 0.01338043 0.01064179
 0.00976451 0.01382288] [0.92005527 0.01030118 0.01271241 0.01336101 0.00962969 0.007806
 0.01088109 0.01525337] [0.8250694  0.0245629  0.03101639 0.03768346 0.02175571 0.01580569
 0.01995545 0.02415098] [0.8197617  0.0222151  0.02296272 0.05385942 0.0220015  0.02374087
 0.01356403 0.02189469] [0.9750251  0.00208648 0.00234205 0.00278643 0.00279787 0.00327467
 0.00427214 0.00741522] [9.8995167e-01 6.1572465e-04 4.4617383e-04 6.9251138e-04 1.0387670e-03
 1.6807232e-03 1.5910591e-03 3.9833710e-03] [0.962417   0.00382048 0.00448234 0.00526818 0.00505074 0.00382048
 0.00653468 0.00860609] [0.8809266  0.01487845 0.02162335 0.02374449 0.01538203 0.01158993
 0.01389419 0.01796097] [0.78434724 0.03044779 0.04160435 0.04877751 0.02644913 0.02277098
 0.01724612 0.02835689] [0.8849817  0.01311813 0.01768926 0.02591575 0.01501068 0.01224817
 0.01356074 0.01747558] [0.93066764 0.00778201 0.00985721 0.01360326 0.00984959 0.00685504
 0.00952152 0.01186375] [0.01369283 0.03109302 0.7865101  0.09239419 0.00439391 0.03512077
 0.00201006 0.03478513] [0.9661501  0.00329917 0.00385221 0.0043366  0.00454256 0.00350513
 0.00608344 0.00823077] [0.97317606 0.00241669 0.00256737 0.00276575 0.00330936 0.00312243
 0.00518816 0.00745416] [0.9837779  0.00120436 0.00123773 0.00133595 0.00210167 0.00202919
 0.00325548 0.00505773] [0.97382414 0.00218625 0.0026422  0.00268226 0.00360369 0.0031115
 0.00507073 0.00687925] [0.9499353  0.00517397 0.00563948 0.00985192 0.00597525 0.00619274
 0.00676127 0.01047005] [0.9778315  0.00206906 0.00192794 0.00251529 0.00269836 0.00259538
 0.00401989 0.00634257] [0.83075655 0.02023779 0.02870835 0.03809466 0.02409914 0.01668167
 0.01974939 0.02167244] [0.9527312  0.0043263  0.00558146 0.00858392 0.00661153 0.00602019
 0.00654667 0.00959873] [0.02479459 0.0526103  0.4897274  0.26488248 0.01016959 0.11095768
 0.00434859 0.04250937] [0.9159597  0.01104669 0.01340403 0.01468569 0.00994812 0.00797986
 0.0109704  0.01600549] [0.91884017 0.00897114 0.01293797 0.01419668 0.01066467 0.00817777
 0.01187761 0.01433399] [0.00302356 0.01610022 0.8990484  0.03708392 0.00147077 0.01980861
