dataset_id,fold,checkpoint,sparsity,features,features_added,accuracy,roc_auc_score,prediction_probas,ground_truth
46980,0,wide-v2-1.5k-nocat,0.02,17,0,0.8911764705882353,0.769666283273063,"[0.94371086 0.00479057 0.00954299 0.01285367 0.006957   0.00680825
 0.00696844 0.00836823] [0.01042715 0.04280702 0.7522807  0.09183829 0.00491228 0.0397254
 0.01358505 0.04442411] [0.7953252  0.02152785 0.05147766 0.04290313 0.01841539 0.02039882
 0.02094808 0.02900386] [0.9537224  0.00418902 0.00681383 0.00983542 0.00566547 0.00529159
 0.00643232 0.00804993] [0.9723275  0.0021156  0.00341853 0.00549025 0.00351391 0.00347385
 0.00459746 0.00506293] [0.98085785 0.00146851 0.0022924  0.00324598 0.00240302 0.00266048
 0.00348247 0.00358927] [0.8583657  0.01485386 0.02918895 0.03063848 0.01537264 0.01507511
 0.01540316 0.0211021 ] [0.98303294 0.0011951  0.00176261 0.00293387 0.00232153 0.00245697
 0.00306549 0.00323145] [0.92024165 0.00796363 0.01118264 0.02056508 0.01053427 0.00874169
 0.00929853 0.01147251] [0.9159178  0.00813969 0.01516562 0.01821705 0.0087805  0.00820072
 0.01188533 0.0136933 ] [0.8845969  0.01283019 0.01844436 0.0294591  0.01426425 0.01261661
 0.01112916 0.01665942] [0.9621343  0.00291128 0.00515102 0.00792112 0.0044833  0.00440317
 0.00626135 0.00673448] [0.01274104 0.03970322 0.76855177 0.08386198 0.00590131 0.03610216
 0.0121841  0.04095443] [0.9059276  0.00947744 0.02038947 0.01958061 0.00897381 0.00937061
 0.01165222 0.01462823] [0.7605971  0.03539364 0.02707919 0.06023021 0.04305209 0.0308779
 0.01468378 0.02808607] [0.8946951  0.01171327 0.01729137 0.02571577 0.01364386 0.01177431
 0.01025578 0.01491057] [0.89702743 0.0100409  0.02151621 0.02169932 0.01059025 0.01019349
 0.01275713 0.0161753 ] [0.01102641 0.05436135 0.6842021  0.13124862 0.00626483 0.04999657
 0.01284252 0.05005761] [0.78516823 0.02421607 0.05673304 0.04568551 0.01751736 0.021149
 0.01986725 0.02966354] [0.9550435  0.00382791 0.00677084 0.00961269 0.00550441 0.00470717
 0.00701116 0.00752231] [0.90440726 0.00949213 0.02009828 0.02073923 0.0094616  0.00898852
 0.01188805 0.01492492] [0.86514854 0.01498264 0.02255025 0.03161307 0.01713392 0.01550902
 0.01354846 0.01951406] [0.97975624 0.00151981 0.00235313 0.00403884 0.00297478 0.00262582
 0.00315975 0.00357165] [0.91656685 0.00896515 0.01224602 0.02110435 0.01085737 0.00968237
 0.00824794 0.01232995] [0.9650628  0.00290937 0.00397963 0.00833319 0.00492971 0.00461302
 0.0045596  0.00561269] [0.9661575  0.00257833 0.00441673 0.00698362 0.00402006 0.0040582
 0.00572878 0.00605679] [0.968367   0.00257139 0.00443316 0.00586001 0.00376933 0.00379794
 0.00532971 0.00587146] [0.9396503  0.00553247 0.00856961 0.01502543 0.00731812 0.0066962
 0.00783703 0.00937086] [0.9534587  0.00388845 0.00784937 0.00887155 0.00525961 0.00517189
 0.00757476 0.00792566] [0.9489585  0.00473518 0.00715046 0.01179788 0.00620037 0.00516253
 0.00775333 0.00824173] [0.8944562  0.0108786  0.02282523 0.02252008 0.01031408 0.01026067
 0.01284682 0.01589832] [0.9815895  0.0014002  0.00194769 0.0033746  0.00245321 0.00236737
 0.00340893 0.00345853] [0.8735218  0.0134733  0.02848773 0.02749592 0.01169568 0.01249676
 0.01410654 0.01872225] [0.91127187 0.00900406 0.01524586 0.02006837 0.01062174 0.00873699
 0.01157556 0.01347557] [0.9620517  0.00306173 0.00533371 0.00772968 0.00480339 0.00447147
 0.00574194 0.00680639] [0.73810667 0.03633784 0.03795489 0.04219583 0.07816755 0.03043409
 0.01414918 0.02265394] [0.82230955 0.02514783 0.02032579 0.04040743 0.03763018 0.02320986
 0.01119292 0.01977645] [0.86522776 0.01440419 0.02626017 0.03094459 0.01684557 0.01447285
 0.01321401 0.01863084] [0.7965812  0.0275641  0.03189866 0.04749695 0.03275336 0.02416056
 0.01466728 0.0248779 ] [0.95116824 0.00403593 0.00739285 0.01105495 0.00595472 0.00555036
 0.00680158 0.00804135] [0.9043383  0.00925488 0.01648025 0.0220347  0.01099446 0.00968214
 0.01225337 0.01496193] [0.88251275 0.01155337 0.02269467 0.02594548 0.01263698 0.0118052
 0.01475077 0.01810079] [0.0092546  0.06305028 0.6269627  0.16394293 0.00669871 0.0580148
 0.01467155 0.05740444] [0.7762843  0.02656271 0.05364417 0.05126406 0.02068871 0.02265688
 0.01907145 0.02982775] [0.8101946  0.02209844 0.03601679 0.04337276 0.0253491  0.02081648
 0.01744372 0.02470813] [0.98312676 0.00122765 0.00150141 0.0035847  0.00254496 0.0025297
 0.00260983 0.00287501] [0.9857985  0.00099464 0.0014562  0.00240125 0.00197021 0.00203315
 0.00262631 0.00271977] [0.932788   0.00625725 0.01120963 0.01486478 0.00760408 0.00723018
 0.00898907 0.01105702] [0.94851696 0.00432489 0.00787939 0.01111353 0.00604875 0.00552244
 0.00760098 0.00899303] [0.85565156 0.01813131 0.02095479 0.03980342 0.01813131 0.01582674
 0.01170599 0.01979488] [0.9768123  0.00159034 0.00246369 0.00475958 0.00334849 0.00335421
 0.00345337 0.00421803] [0.9469001  0.0049712  0.00668803 0.01381863 0.0077105  0.00669948
 0.00578765 0.00742436] [0.9147532  0.00851629 0.01297284 0.02167227 0.00998909 0.00895126
 0.01025618 0.0128889 ] [0.9551619  0.00399052 0.00518081 0.01117804 0.0062681  0.00564243
 0.00563099 0.00694717] [0.9723683  0.00222061 0.00338052 0.00556297 0.00350452 0.00321836
 0.00482277 0.00492197] [0.96596587 0.0025734  0.00384961 0.00752372 0.00462793 0.00434178
 0.00523074 0.00588696] [0.8620005  0.01486524 0.03592686 0.0283111  0.01152285 0.01333903
 0.0141174  0.01991697] [0.9333872  0.00606403 0.01201364 0.01425618 0.00816165 0.0069107
 0.0089473  0.01025927] [0.67125356 0.05199164 0.05446307 0.07023753 0.05315108 0.04778105
 0.01737631 0.03374575] [0.89695215 0.01231356 0.01082586 0.02685485 0.01985123 0.01222964
 0.00833111 0.01264162] [0.90935314 0.00914939 0.01449861 0.02244996 0.01074424 0.00966066
 0.01096553 0.01317848] [0.9838717  0.00124548 0.00164983 0.00259014 0.00217816 0.00233647
 0.0029449  0.00318332] [0.8843111  0.01216935 0.02649027 0.02481174 0.01090282 0.0110249
 0.01316884 0.01712102] [0.9728901  0.00228365 0.00326426 0.00507477 0.00331005 0.0033482
 0.00483057 0.00499845] [0.97314453 0.00213242 0.00320816 0.00548935 0.00348282 0.00317001
 0.00461197 0.00476074] [0.01375276 0.0554992  0.6785608  0.11941938 0.00871084 0.06279128
 0.01440111 0.04686463] [0.9490305  0.00431738 0.00760118 0.01138843 0.00591924 0.00564082
 0.00747532 0.00862713] [0.9775353  0.00161743 0.0023632  0.00427244 0.0029869  0.00298117
 0.00392531 0.00431822] [0.89739245 0.01115332 0.01583741 0.02496148 0.01280115 0.01190858
 0.01081766 0.01512794] [0.9600873  0.00322194 0.00523064 0.00920226 0.00517341 0.00457442
 0.00605854 0.0064515 ] [0.94100773 0.00537542 0.00914852 0.01320011 0.00720665 0.00623762
 0.00844655 0.00937742] [0.9368866  0.00581282 0.01128237 0.01350223 0.00714397 0.00640021
 0.009032   0.00993977] [0.98374504 0.00120241 0.00187275 0.0024811  0.00215499 0.00232282
 0.00305895 0.00316193] [0.9610713  0.00309606 0.00478048 0.00898868 0.00524594 0.00488731
 0.0054863  0.00644392] [0.98133487 0.001458   0.00187185 0.00351103 0.00244685 0.00242206
 0.00346717 0.00348815] [0.8616192  0.0146222  0.02796296 0.03012921 0.01523241 0.01475187
 0.01502647 0.02065567] [0.9126534  0.00834707 0.0183727  0.01794543 0.008431   0.00853018
 0.01174236 0.0139779 ] [0.96762395 0.00268132 0.0046227  0.00630091 0.00402007 0.00385797
 0.00540459 0.0054885 ] [0.96840024 0.00226816 0.00334597 0.00774876 0.00435319 0.00410139
 0.00460881 0.00517347] [0.88200414 0.01143864 0.0279747  0.02440346 0.01190413 0.01146917
 0.01351424 0.01729151] [0.9676184  0.00263363 0.00497738 0.00631231 0.00468751 0.00386939
 0.00456928 0.00533209] [0.9804295  0.00143999 0.00210754 0.00356278 0.00255193 0.00255765
 0.0036982  0.00365243] [0.93947464 0.00644699 0.00488292 0.01441226 0.01713601 0.00698487
 0.004284   0.00637832] [0.96527314 0.00296575 0.00452395 0.00742676 0.00453158 0.00382782
 0.00534788 0.00610314] [0.01749816 0.05156389 0.71127653 0.10861979 0.00770026 0.04305127
 0.01382156 0.04646852] [0.946651   0.00453126 0.00920745 0.0106187  0.00577468 0.00557253
 0.00838359 0.00926085] [0.96554196 0.00256785 0.00500979 0.00670007 0.00452903 0.00459771
 0.0050632  0.00599038] [0.00703398 0.05349487 0.68453896 0.13378294 0.00472238 0.04867331
 0.01367888 0.05407467] [0.95262766 0.00388523 0.00635523 0.01175679 0.00639337 0.00563044
 0.00611872 0.0072326 ] [0.90715736 0.00933004 0.01853801 0.02064357 0.0096123  0.00893334
 0.01163394 0.01415145] [0.9413344  0.00489007 0.01236631 0.01177889 0.00616027 0.00654934
 0.00787293 0.00904777] [0.9671929  0.00245834 0.00342718 0.00804824 0.00461916 0.00400505
 0.00479843 0.00545068] [0.8524155  0.01626351 0.02453258 0.0352427  0.0192538  0.01621774
 0.0151269  0.02094728] [0.97263587 0.00226016 0.00312036 0.0055846  0.00352471 0.00335305
 0.00465002 0.00487127] [0.941119   0.00519673 0.00857727 0.01410976 0.00791337 0.00724947
 0.00734868 0.0084857 ] [0.9742558  0.00187041 0.00309606 0.00526501 0.00330208 0.00314947
 0.00447144 0.00458972] [0.9410436  0.00595554 0.00785933 0.01594756 0.00881313 0.00721456
 0.00522302 0.00794326] [0.8149041  0.02198691 0.03411709 0.0429973  0.02516059 0.02221578
 0.01496819 0.02365004] [0.85690093 0.0158075  0.03167604 0.0319812  0.01378579 0.01416725
 0.0153879  0.02029341] [0.9420203  0.0051925  0.01012556 0.01192634 0.00614248 0.00588305
 0.00883602 0.00987376] [0.9740988  0.00181575 0.00336449 0.00497044 0.00345794 0.0035762
 0.00403204 0.00468434] [0.91371363 0.00918719 0.01291091 0.02095352 0.01094222 0.00993499
 0.00912615 0.01323139] [0.96970624 0.00244136 0.00278849 0.00794203 0.00473775 0.00421897
 0.00358765 0.00457754] [0.93714756 0.00574958 0.00930921 0.01494052 0.00782126 0.00708492
 0.00796624 0.00998069] [0.9573552  0.00352799 0.00624359 0.00889435 0.00509175 0.00492393
 0.00646862 0.00749459] [0.97210306 0.00209794 0.00340439 0.0059696  0.00386594 0.00390408
 0.00418063 0.00447434] [0.8748265  0.01385986 0.02015286 0.03148789 0.01474469 0.01307419
 0.01322675 0.01862729] [0.7653411  0.03186886 0.04072132 0.06587452 0.0303731  0.02866366
 0.01172951 0.02542793] [0.98396087 0.00116166 0.00162804 0.00275823 0.002165   0.00226992
 0.00301765 0.00303864] [0.9415104  0.0056769  0.00835511 0.01409305 0.00743185 0.00663449
 0.00759209 0.0087061 ] [0.8828933  0.0124752  0.02113536 0.02679689 0.01313902 0.01279567
 0.01301694 0.0177476 ] [0.96975243 0.00241858 0.00368319 0.0063936  0.00379    0.00356684
 0.00516905 0.00522627] [0.9666199  0.00264692 0.00439754 0.0065105  0.00393605 0.00393223
 0.00583542 0.00612147] [0.96863174 0.00248116 0.00411174 0.00614091 0.00367501 0.00377228
 0.00547342 0.00571372] [0.9389935  0.00581759 0.00933103 0.015656   0.00810266 0.006901
 0.00636311 0.00883511] [0.00151251 0.01292406 0.93407226 0.01485428 0.00111102 0.01374802
 0.00520701 0.01657087] [0.8968016  0.01124358 0.01398964 0.02613332 0.01518723 0.01255559
 0.00983241 0.01425662] [0.8794281  0.01368003 0.01785346 0.03045771 0.01577819 0.01404625
 0.01169631 0.01705998] [9.9014890e-01 7.1853161e-04 8.2867144e-04 1.5934523e-03 1.4513670e-03
 1.5209792e-03 1.8270822e-03 1.9109984e-03] [0.9565083  0.00377451 0.00668311 0.00862853 0.00488264 0.0045584
 0.00703023 0.00793428] [0.9587082  0.00349885 0.00602856 0.00807369 0.00465115 0.00454049
 0.00710454 0.00739452] [0.97987485 0.00158007 0.00214363 0.00381619 0.00265093 0.00249645
 0.00371321 0.00372465] [0.96687984 0.00252745 0.00409734 0.00733248 0.00456658 0.00447884
 0.00456658 0.00555086] [0.0166919  0.0496485  0.7016093  0.11595839 0.00715204 0.04174502
 0.01620366 0.05099118] [0.89940035 0.00992569 0.01695226 0.02349818 0.01177198 0.01051315
 0.0124815  0.01545692] [0.9015116  0.01069049 0.01427688 0.02597462 0.01265919 0.01111018
 0.00977482 0.01400218] [0.7687189  0.02734959 0.05418028 0.04999847 0.02837215 0.02603706
 0.01755136 0.02779219] [0.95213753 0.00419993 0.00732032 0.009735   0.00543588 0.00504679
 0.00775519 0.00836935] [0.87776893 0.01504241 0.0147678  0.0265912  0.03316654 0.01286843
 0.0070559  0.01273876] [9.9065274e-01 6.8039860e-04 7.8338815e-04 1.4323178e-03 1.3770085e-03
 1.4380394e-03 1.7756163e-03 1.8604873e-03] [0.9637275  0.00285298 0.00466851 0.00768931 0.00480582 0.00430998
 0.00552288 0.00642302] [0.9767749  0.00173797 0.00219202 0.0050861  0.00350647 0.00322794
 0.00329662 0.004178  ] [0.9690553  0.00230555 0.00336011 0.00760888 0.00426784 0.00398942
 0.00436319 0.00504971] [0.86122954 0.0155393  0.02702022 0.03231442 0.01702686 0.01465439
 0.01375422 0.01846102] [0.9826027  0.00126099 0.00167401 0.00327743 0.00241324 0.00226253
 0.00314389 0.00336518] [0.92222255 0.00732692 0.01618711 0.01585146 0.00759772 0.00725826
 0.01059561 0.01296036] [0.927922   0.00766909 0.006265   0.01947415 0.01631494 0.00876795
 0.00545994 0.00812695] [0.94774306 0.00444789 0.00810232 0.01145159 0.00610345 0.00569146
 0.00765601 0.00880422] [0.8526822  0.01636017 0.02701259 0.03409386 0.01695536 0.01605494
 0.01527661 0.02156429] [0.96408236 0.00278344 0.00469312 0.00789056 0.0045405  0.00407501
 0.00571188 0.00622316] [0.89729667 0.01011472 0.02027522 0.02230426 0.01041222 0.0098096
 0.01358546 0.01620187] [0.84871054 0.01542805 0.03158858 0.0325042  0.01616054 0.01555013
 0.01754921 0.02250877] [0.00368743 0.04028889 0.76719815 0.09180983 0.0028557  0.04059411
 0.00912604 0.04443987] [0.9419556  0.0057186  0.00528751 0.01582439 0.01328364 0.00711487
 0.00433759 0.00647778] [0.9469327  0.00471192 0.0077184  0.01248374 0.0066234  0.00570772
 0.00751237 0.00830977] [0.6898467  0.04879091 0.0465024  0.06084369 0.06297963 0.04116256
 0.01749943 0.03237471] [0.95308137 0.00387174 0.00595066 0.01131387 0.00634737 0.00575611
 0.00625963 0.00741925] [0.9550417  0.00409683 0.00597359 0.01025352 0.00549295 0.00468046
 0.00704548 0.00741549] [0.8985403  0.01266624 0.01039242 0.02879663 0.0172444  0.01158275
 0.00768368 0.01309354] [0.87512684 0.01264374 0.02867542 0.02698145 0.01149916 0.01178912
 0.01494052 0.01834372] [0.83534086 0.01878113 0.0371961  0.03765381 0.01524918 0.01629427
 0.01618748 0.02329715] [0.96016055 0.00340914 0.00418941 0.01046971 0.00570034 0.00508223
 0.00488001 0.0061086 ] [0.09001312 0.06267354 0.60684097 0.09733623 0.0191316  0.05351967
 0.02032161 0.05016324] [0.96891814 0.0023102  0.00423505 0.00712328 0.00453265 0.00410533
 0.00397942 0.00479591] [0.9814013  0.00135702 0.00192061 0.00347503 0.0024413  0.00243176
 0.00349792 0.00347503] [0.8717882  0.01636129 0.01273647 0.02924276 0.02953274 0.01613235
 0.00931769 0.01488847] [0.9334727  0.00620952 0.01207577 0.01379216 0.00692659 0.006713
 0.00977199 0.0110383 ] [9.8842877e-01 7.8785256e-04 8.8943407e-04 2.2758066e-03 1.7998520e-03
 1.7550227e-03 1.9763082e-03 2.0869509e-03] [0.97200114 0.00227698 0.00329343 0.0058126  0.00353562 0.003179
 0.00492011 0.00498114] [0.9417221  0.00531671 0.00789498 0.01471441 0.00731525 0.00663636
 0.00733813 0.00906206] [0.8636048  0.01328787 0.03045074 0.02871156 0.01410406 0.01382183
 0.01601867 0.02000046] [0.9717464  0.00232522 0.00298711 0.00654266 0.00395993 0.00368334
 0.00415449 0.00460084] [0.89791495 0.01158098 0.01576173 0.02494717 0.01505985 0.01121478
 0.00978051 0.01374002] [0.86865896 0.01425182 0.02854941 0.02954124 0.01297007 0.0127717
 0.01448833 0.01876845] [0.9312909  0.00658896 0.01240724 0.01547471 0.00832491 0.00730242
 0.00861487 0.00999599] [0.799292   0.02041564 0.06567182 0.03710824 0.01632641 0.02012573
 0.01655528 0.02450487] [0.97465587 0.00197992 0.00278677 0.00541331 0.00325028 0.00303664
 0.00439474 0.00448248] [0.9516747  0.00412375 0.00809491 0.01039139 0.00575265 0.00547799
 0.00679408 0.00769055] [0.9115168  0.00932968 0.01219038 0.02308391 0.01232006 0.01028325
 0.00885671 0.01241923] [0.91998506 0.00775963 0.01267329 0.01901376 0.0097663  0.00872863
 0.00965948 0.01241388] [0.9303603  0.00686782 0.00843978 0.01872625 0.01080537 0.00855425
 0.0068144  0.0094318 ] [0.9673424  0.00252739 0.00375007 0.00729413 0.00420786 0.00408578
 0.00513107 0.00566135] [0.97366256 0.00210959 0.00283822 0.00564592 0.00341044 0.00327311
 0.00444044 0.00461974] [0.94132364 0.00553083 0.00787284 0.01429623 0.00800253 0.00713667
 0.00683534 0.0090019 ] [0.8568029  0.01717878 0.0207793  0.03841577 0.01917737 0.01598877
 0.01217466 0.0194825 ] [0.86729336 0.01603894 0.01695458 0.03241362 0.02412709 0.01567269
 0.01078928 0.01671041] [0.8478762  0.01717059 0.02558037 0.03525695 0.01961263 0.01787268
 0.01488118 0.02174942] [0.9495513  0.00449298 0.00770061 0.01058786 0.00560669 0.00521002
 0.0081316  0.00871897] [0.01713667 0.06665446 0.5952512  0.18323873 0.00938473 0.05801746
 0.01486297 0.05545383] [0.8765384  0.01389429 0.01880041 0.03174094 0.01654192 0.01326863
 0.01195626 0.01725914] [0.9180038  0.00900303 0.00946844 0.02275172 0.0129018  0.00993385
 0.00722531 0.01071208] [0.9720975  0.00228484 0.00323654 0.00575215 0.00362751 0.00316788
 0.00476421 0.00506937] [0.82324845 0.02052323 0.02825949 0.04562413 0.02310198 0.02081315
 0.01470196 0.0237276 ] [0.9789619  0.00152105 0.00239743 0.00382788 0.0026759  0.00285899
 0.00373252 0.00402433] [0.97107655 0.00222943 0.0038543  0.00564508 0.00364833 0.00365595
 0.00463812 0.00525222] [0.9566305  0.00384938 0.00469632 0.01149092 0.00630246 0.00551274
 0.0050206  0.00649702] [0.9742586  0.00184085 0.00321243 0.00515438 0.00370459 0.0033803
 0.0038553  0.00459354] [0.9771272  0.00173773 0.00334384 0.00365667 0.00299096 0.0031035
 0.00374823 0.00429187] [0.92637557 0.00627971 0.01693919 0.01458907 0.00852301 0.00773709
 0.00883585 0.01072053] [0.86137414 0.01484759 0.03274711 0.02971045 0.01240606 0.01371075
 0.01490863 0.02029527] [0.33029202 0.08635684 0.23618443 0.09191053 0.09398554 0.08245095
 0.0264258  0.05239388] [0.8834221  0.01261312 0.02054115 0.02840051 0.01362797 0.01284967
 0.01107177 0.01747371] [0.1110772  0.08617638 0.3444614  0.27366495 0.02319194 0.06664632
 0.02374123 0.07104059] [0.9767972  0.00173038 0.00244962 0.00473518 0.00309065 0.00316505
 0.00378127 0.00425059] [0.8897367  0.01134603 0.02556101 0.02278363 0.01021677 0.01072799
 0.01325357 0.0163743 ] [0.91531086 0.00938194 0.01027436 0.02405742 0.01122781 0.00997689
 0.00762759 0.01214312] [0.96611327 0.00265068 0.00366518 0.00849743 0.00474452 0.00430211
 0.00453094 0.00549587] [0.8532096  0.0159641  0.02556393 0.0345838  0.01892494 0.01604041
 0.01498733 0.02072586] [0.9305079  0.00670511 0.01083192 0.01646147 0.00782644 0.00702549
 0.00959617 0.01104551] [0.97745985 0.00174794 0.00279976 0.00391738 0.00281502 0.00298667
 0.00412335 0.00415005] [0.93001616 0.00693012 0.00887909 0.01710217 0.01481374 0.00935966
 0.00534729 0.0075518 ] [0.00802594 0.04995613 0.71385086 0.11816136 0.00494373 0.0482777
 0.01119207 0.04559222] [0.8418868  0.01640495 0.03494636 0.03470219 0.01654229 0.01574875
 0.0174274  0.02234125] [0.89788073 0.01063456 0.02145222 0.02197098 0.01013869 0.01019209
 0.01245022 0.01528051] [0.9761878  0.00167675 0.00270494 0.00476511 0.0031494  0.00334016
 0.0040059  0.00416995] [0.893616   0.00983496 0.02839856 0.01999039 0.01238336 0.01141436
 0.01087263 0.0134897 ] [0.8158059  0.01907087 0.0451293  0.038752   0.01762148 0.01844534
 0.01916241 0.02601266] [0.9690368  0.00243518 0.00366135 0.00694131 0.00441269 0.00420674
 0.00414571 0.00516021] [0.8906182  0.01296987 0.01106254 0.02891519 0.02151473 0.0131072
 0.00851434 0.01329793] [0.9591124  0.00339935 0.00597843 0.00804246 0.00464692 0.0046164
 0.00693605 0.00726797] [0.94351417 0.00512779 0.01079736 0.01077447 0.00590994 0.00568483
 0.00843949 0.00975197] [0.00190585 0.01266749 0.93428075 0.01446841 0.00123527 0.01288116
 0.00578813 0.01677298] [0.9531577  0.00434509 0.00524157 0.01253553 0.00699258 0.00559635
 0.00535602 0.00677514] [0.970089   0.00226754 0.00401636 0.00589294 0.00395914 0.00378941
 0.00470673 0.00527886] [0.96596956 0.0027451  0.00432272 0.00710025 0.00432272 0.00415866
 0.00536048 0.00602052] [0.93906873 0.00544418 0.01165137 0.01214734 0.00687484 0.00618049
 0.00824066 0.01039238] [0.8645746  0.01569818 0.01923752 0.03426444 0.01939007 0.01583548
 0.01235717 0.01864254] [0.91811585 0.00829448 0.01239975 0.01953438 0.01016398 0.00941618
 0.00940092 0.01267445] [0.891588   0.01142103 0.0192563  0.02580222 0.01230603 0.01133711
 0.012039   0.01625036] [0.8491859  0.01582457 0.03073355 0.03393814 0.01576353 0.01475637
 0.01733531 0.02246265] [0.26370406 0.07685264 0.2798193  0.19741179 0.03534367 0.05756318
 0.02460017 0.06470516] [0.9414206  0.00572595 0.00618372 0.01468681 0.01242084 0.00740826
 0.00495918 0.00719463] [0.92001665 0.00886627 0.00853817 0.0228295  0.01271951 0.00976663
 0.00696254 0.01030074] [0.8148171  0.02560034 0.0229152  0.03948372 0.03933116 0.02259482
 0.01363928 0.02161841] [0.9525168  0.00461139 0.00548866 0.01318956 0.00735    0.00577091
 0.00460376 0.00646891] [0.9773117  0.00173719 0.00243702 0.00456513 0.00290422 0.00272306
 0.00417612 0.00414561] [0.92401844 0.00740967 0.01107253 0.01875691 0.00969133 0.00878324
 0.00883666 0.01143119] [0.8988641  0.01042104 0.02664002 0.01898063 0.00885712 0.00992516
 0.01141279 0.01489918] [0.00148643 0.01263133 0.9363047  0.01479757 0.00111935 0.01318051
 0.00461471 0.01586543] [0.8829944  0.01478881 0.01246137 0.03032546 0.02263345 0.0139723
 0.00874509 0.01407913] [0.9002258  0.01060292 0.01514158 0.02450113 0.01266248 0.01124367
 0.01065631 0.01496613] [0.9593647  0.00354918 0.00465722 0.0099705  0.00577862 0.00496999
 0.00554976 0.00616004] [0.9615285  0.0032085  0.00542889 0.00784386 0.00474218 0.00455905
 0.00585237 0.00683667] [0.9300197  0.00650297 0.01234229 0.01482905 0.00782644 0.00757853
 0.00939021 0.01151082] [0.8315303  0.01812717 0.03414865 0.03900087 0.01779148 0.01676915
 0.01817294 0.02445947] [0.92574596 0.0070264  0.01272534 0.01612793 0.00814025 0.00756807
 0.0104061  0.01225997] [0.9774468  0.0017689  0.00295611 0.0039631  0.0029275  0.00291606
 0.003883   0.00413856] [0.93697596 0.00616813 0.00917018 0.01526584 0.00767488 0.0061605
 0.00864377 0.00994072] [0.9813639  0.0013913  0.00189765 0.00346346 0.0024412  0.00240497
 0.0035531  0.00348444] [0.948206   0.0045622  0.00762529 0.01180985 0.00622916 0.00528697
 0.00784272 0.00843779] [0.91294664 0.00874195 0.01336466 0.02132853 0.01106093 0.0100235
 0.00968785 0.01284594] [0.94947886 0.00451933 0.00591517 0.01308127 0.00702498 0.00611349
 0.0060601  0.00780681] [0.9492948  0.00445974 0.00618793 0.01304731 0.00671822 0.00544019
 0.00690134 0.00795047] [0.7733785  0.03454326 0.02580064 0.05907752 0.04076837 0.03025587
 0.01132116 0.02485467] [0.8246567  0.02122368 0.02783033 0.04595667 0.02081172 0.02065914
 0.01435764 0.02450412] [0.9577004  0.00379443 0.00624965 0.00871441 0.00506687 0.00456706
 0.0063603  0.0075469 ] [0.8794281  0.01247454 0.02218712 0.02772628 0.01351217 0.01223039
 0.01411492 0.0183265 ] [0.9361566  0.00576094 0.0082866  0.01680211 0.00878257 0.00729083
 0.007535   0.00938537] [0.9322356  0.00634457 0.01023982 0.01629825 0.00830173 0.00689395
 0.00924025 0.01044584] [0.8710539  0.01365599 0.02541998 0.02987534 0.01368651 0.01274051
 0.01447993 0.01908787] [0.9394567  0.00555804 0.01031498 0.01290898 0.00658038 0.00630572
 0.00878147 0.01009373] [0.90738577 0.009981   0.00908057 0.02389946 0.01901579 0.0115453
 0.00776809 0.01132401] [0.90966105 0.00926964 0.01945481 0.01861558 0.00875085 0.00894921
 0.01119987 0.01409901] [1.22331677e-03 1.11824311e-02 9.44145024e-01 1.25020500e-02
 9.16295743e-04 1.15943355e-02 4.08090092e-03 1.43556185e-02] [0.97458524 0.00207514 0.00369063 0.00447453 0.00317566 0.00314514
 0.00427998 0.00457371] [0.9820591  0.00135534 0.00178074 0.00328297 0.00232726 0.00230056
 0.00348326 0.00341078] [0.94835436 0.00449806 0.00853067 0.01046114 0.00578377 0.00550907
 0.00826361 0.00859934] [0.00531701 0.01259452 0.93884486 0.01112224 0.00238197 0.01071793
 0.00554968 0.01347179] [0.92953855 0.00680433 0.01020649 0.01682775 0.00895547 0.00820029
 0.00849778 0.01096931] [0.88993305 0.01376028 0.01156352 0.0277799  0.02483562 0.01379079
 0.00668945 0.01164742] [0.8690279  0.01518815 0.01977283 0.03246649 0.01743853 0.01524155
 0.01225122 0.01861331] [0.9086637  0.01039092 0.01045195 0.02587812 0.01471665 0.01100125
 0.00740029 0.01149715] [0.92833245 0.00725641 0.00991939 0.01899944 0.00940816 0.00766463
 0.00784395 0.01057559] [0.8583723  0.01388507 0.03457536 0.02972321 0.01357991 0.01354939
 0.0160365  0.02027831] [0.8908221  0.01160688 0.01695627 0.02832658 0.01352991 0.01252261
 0.01039353 0.01584213] [0.84907573 0.01617345 0.03451354 0.03280465 0.01617345 0.0151588
 0.01570046 0.02039991] [0.767789   0.0325712  0.01816295 0.04026375 0.0824201  0.03093806
 0.00944779 0.01840715] [0.80291814 0.02312236 0.03824728 0.04505426 0.02329024 0.02257292
 0.01788739 0.0269074 ] [0.86566323 0.01544083 0.02377156 0.03307878 0.01692083 0.01411341
 0.01258001 0.01843135] [0.98361325 0.00120285 0.0016216  0.0030467  0.00219393 0.00233129
 0.00288263 0.00310775] [0.96531177 0.00265307 0.00426856 0.00781997 0.00480642 0.00439062
 0.00502767 0.00572193] [0.93842643 0.00580947 0.00801807 0.01542581 0.00864364 0.00749929
 0.00711403 0.00906324] [0.94600284 0.005067   0.00820335 0.01186624 0.00682595 0.00606666
 0.00700147 0.00896645] [0.6528121  0.04757545 0.06780799 0.08855931 0.04028197 0.04308951
 0.02047667 0.03939699] [0.9762939  0.00176088 0.00289791 0.00428105 0.00304863 0.00308297
 0.00423145 0.00440315] [0.92600024 0.00686045 0.01373616 0.0157508  0.0078525  0.0076312
 0.01057684 0.01159179] [0.9159807  0.00845305 0.01446478 0.0190575  0.00939906 0.00889554
 0.01047476 0.01327464] [0.08094497 0.08088393 0.43121815 0.23172481 0.0213503  0.05878583
 0.02452462 0.07056741] [0.13991179 0.0708105  0.43121156 0.18300854 0.02466159 0.0507577
 0.02998764 0.06965068] [0.9827227  0.0012958  0.00182785 0.00278229 0.00226931 0.00241615
 0.00326094 0.00342494] [0.86859936 0.01307598 0.02677754 0.02912725 0.01375496 0.01285475
 0.0159292  0.01988099] [0.94742465 0.00466234 0.00710034 0.01275086 0.00687142 0.00634109
 0.00663869 0.00821061] [0.97035366 0.00216134 0.00349286 0.00634475 0.00388964 0.00391825
 0.00462789 0.00521162] [0.92086333 0.00806396 0.01254225 0.01930163 0.00979577 0.00884213
 0.00825469 0.01233626] [0.89196736 0.01120604 0.02376993 0.02303761 0.01123655 0.01080937
 0.01268594 0.01528721] [0.9277945  0.00681349 0.0129174  0.01561075 0.00773671 0.0073514
 0.01001805 0.01175766] [0.8443156  0.01629788 0.03952388 0.0325042  0.01356631 0.01507706
 0.01611476 0.02260034] [0.9021579  0.01044249 0.01465305 0.02460736 0.01275372 0.00988566
 0.01117476 0.01432505] [0.5538208  0.06397753 0.08479466 0.0692276  0.11098393 0.05735391
 0.01958091 0.04026067] [0.87176824 0.01448368 0.01825341 0.03165349 0.01904704 0.01537651
 0.01195782 0.01745978] [0.9350372  0.00582109 0.00978066 0.0147778  0.00852947 0.00769025
 0.00807934 0.01028419] [0.5699199  0.04956887 0.07917589 0.03848913 0.17080504 0.0454483
 0.01787104 0.02872186] [0.91666126 0.00779476 0.01726065 0.01713856 0.00816485 0.00810381
 0.01147658 0.01339952] [0.9799384  0.00158017 0.00213423 0.00376113 0.00261105 0.00250615
 0.00372489 0.00374396] [0.917456   0.00770167 0.01776076 0.017303   0.00834634 0.00808694
 0.01034518 0.01300014] [0.8858774  0.01221653 0.01765711 0.02766841 0.01515429 0.01217837
 0.01294906 0.01629887] [0.9325994  0.00620258 0.01164986 0.01455661 0.00761018 0.00736223
 0.00910169 0.01091745] [0.93215734 0.00624485 0.01047548 0.01617481 0.00833155 0.00768685
 0.00879696 0.01013215] [0.97508836 0.00189016 0.00318333 0.00528331 0.00388523 0.00367543
 0.00310895 0.00388523] [0.01414907 0.04906029 0.70978767 0.11239932 0.00624695 0.04179888
 0.01585001 0.05070784] [0.12443549 0.07543024 0.40790918 0.21896741 0.02451788 0.05532162
 0.02561638 0.06780178] [0.9165249  0.00795764 0.01579321 0.01832622 0.00910971 0.00873586
 0.01058984 0.01296264] [0.9414098  0.00476076 0.01087193 0.01188664 0.0065079  0.00630572
 0.00848392 0.00977329] [0.03027067 0.07921638 0.46992767 0.25461537 0.01338073 0.06493546
 0.02058222 0.0670715 ] [0.9087191  0.00908689 0.0192877  0.01918088 0.00890378 0.00904111
 0.0114597  0.01432081] [0.00457117 0.02455762 0.8654539  0.04117866 0.00237907 0.02342818
 0.00856235 0.02986903] [0.90478516 0.00953674 0.01846313 0.02130127 0.00953674 0.00917816
 0.01231384 0.01488495] [0.9680531  0.00254385 0.00361555 0.00726162 0.0041228  0.00358695
 0.0051945  0.00562165] [0.9582308  0.00351034 0.00539142 0.01034024 0.00591034 0.00533419
 0.00472369 0.00655899] [0.91323227 0.00843183 0.015452   0.01962595 0.00968325 0.00945433
 0.01072865 0.01339173] [0.00182532 0.01654037 0.9145421  0.02185038 0.00128936 0.01728804
 0.00591272 0.02075176] [0.9810094  0.00151261 0.00189028 0.00347347 0.00245489 0.00240911
 0.0036604  0.00358982] [0.9722254  0.00204098 0.0035269  0.00574909 0.00367186 0.00367568
 0.00428797 0.00482206] [0.00378026 0.02685475 0.8539811  0.0471484  0.00244134 0.02743457
 0.0081022  0.03025737] [0.0113971  0.06536167 0.6093099  0.17332134 0.00749127 0.05822132
 0.0158827  0.05901469] [0.9471572  0.0047335  0.00826932 0.01126733 0.00608375 0.00537811
 0.00794129 0.00916948] [0.8762576  0.01328726 0.02126572 0.02828311 0.0155374  0.01425597
 0.01286775 0.0182452 ] [0.00748871 0.02363731 0.87554175 0.03521943 0.00401712 0.0228438
 0.00737044 0.02388146] [0.89207625 0.0117262  0.01841708 0.02625998 0.01306132 0.01163465
 0.01089461 0.01592993] [0.96666044 0.00263558 0.00439773 0.00673199 0.0042032  0.00392477
 0.00533601 0.00611028] [0.957953   0.00369242 0.00542419 0.00994816 0.00554244 0.00476428
 0.00595059 0.00672493] [0.01457655 0.06535419 0.6004531  0.18038002 0.00791756 0.05516358
 0.01644534 0.05970969] [0.65579176 0.05411014 0.04916607 0.08630766 0.04986801 0.04730441
 0.01850976 0.03894221] [0.8965938  0.01094189 0.01994567 0.02373031 0.01078165 0.01033909
 0.01208644 0.01558113] [0.92690635 0.00912622 0.00776034 0.02102998 0.01198007 0.00877521
 0.00541774 0.00900413] [0.9586442  0.00377523 0.00400224 0.01158321 0.00652414 0.00517734
 0.00451348 0.00578016] [0.9523664  0.00392241 0.00763877 0.01001969 0.00551732 0.00543719
 0.00721524 0.00788297] [0.9778035  0.00165901 0.00258387 0.00386531 0.00277837 0.00295762
 0.00410749 0.00424479] [0.8633537  0.01603833 0.02768177 0.03335851 0.01393244 0.01319996
 0.01307025 0.01936503] [0.9254589  0.00759642 0.01053045 0.019199   0.0100955  0.00814965
 0.00807335 0.01089673] [0.9114403  0.00879495 0.01453111 0.02068681 0.01102992 0.01004592
 0.01000778 0.01346321] [0.9544624  0.0037646  0.00608363 0.01055767 0.00571747 0.00547717
 0.00640402 0.00753302] [0.8961807  0.01132435 0.01487275 0.02606738 0.01457515 0.01198825
 0.01033233 0.01465909] [0.9278476  0.00594402 0.01407795 0.01538274 0.00811104 0.00779819
 0.00936241 0.01147601] [0.8692401  0.01445173 0.02076959 0.03201661 0.01718336 0.01498585
 0.012857   0.01849577] [0.88821745 0.01094097 0.02165305 0.0246744  0.01190231 0.01090282
 0.01403862 0.01767035] [0.8933434  0.01016758 0.02327941 0.02271497 0.01095322 0.0105337
 0.01298979 0.01601794] [0.91259766 0.00808716 0.01567078 0.01924133 0.01023865 0.0090332
 0.01122284 0.01390839] [0.95591974 0.00397435 0.0051987  0.01083984 0.00639634 0.00566021
 0.00507283 0.00693796] [0.9410795  0.00505534 0.0102633  0.01289589 0.0077032  0.00652425
 0.00769557 0.00878294]",0 2 4 0 0 0 0 0 0 0 0 0 2 0 0 0 0 2 0 0 0 2 0 0 0 0 0 0 0 0 0 0 1 0 0 2 0 0 0 0 0 0 3 0 0 0 0 0 0 0 0 0 0 0 0 0 1 0 0 0 0 0 0 0 0 3 0 0 0 0 0 0 0 0 0 0 0 0 0 0 0 0 0 0 2 0 0 3 0 2 0 0 4 0 0 0 5 0 0 0 7 0 0 0 0 0 0 3 0 0 0 0 0 0 0 2 0 0 0 0 0 0 0 2 0 0 0 0 0 0 0 0 0 0 0 0 0 0 0 0 0 0 2 0 0 0 0 0 0 0 0 0 7 0 0 0 0 0 0 3 4 0 0 0 0 0 0 0 0 0 0 0 0 0 0 3 0 0 5 0 3 0 0 0 0 0 0 0 1 0 0 0 2 0 7 0 0 0 0 0 6 2 0 0 0 0 3 0 0 0 0 2 0 0 0 0 0 0 0 4 3 0 0 0 0 0 0 0 2 7 0 0 0 0 1 0 0 0 0 0 0 0 0 0 0 0 0 0 0 0 0 0 6 2 0 0 0 2 0 0 0 0 0 0 0 7 0 0 0 0 0 0 0 0 0 0 0 3 0 0 0 0 0 0 0 0 4 0 0 0 0 0 0 0 0 0 0 0 0 2 0 0 0 1 0 2 0 0 0 0 2 0 0 2 3 0 0 2 0 7 0 2 5 0 0 0 0 0 0 0 0 0 0 0 0 0 0 0 0 0
46980,1,wide-v2-1.5k-nocat,0.02,17,0,0.888235294117647,0.8045549116348363,"[0.95229375 0.00456689 0.00651268 0.00657754 0.00623417 0.0056924
 0.00794341 0.01017917] [0.9430114  0.00599378 0.00735583 0.01081246 0.00682551 0.00664238
 0.00726426 0.01209439] [0.809663   0.02316549 0.0489558  0.03659476 0.02873559 0.01996078
 0.0087214  0.02420321] [0.95644444 0.00443604 0.00552693 0.00633937 0.00590073 0.00445892
 0.00741119 0.00948236] [0.89962    0.01119488 0.01310267 0.02651059 0.01179774 0.01220219
 0.00982128 0.01575067] [0.9634616  0.0029719  0.00311497 0.00706924 0.00412404 0.00567294
 0.00467341 0.0089119 ] [0.8609712  0.01671092 0.0245704  0.02809572 0.01843543 0.01350609
 0.0177792  0.01993102] [0.7882543  0.02796008 0.03882665 0.04719026 0.02884527 0.01956595
 0.02301517 0.0263423 ] [0.9219383  0.00827846 0.01107864 0.01696894 0.01030039 0.0087973
 0.00931613 0.01332184] [0.07660438 0.0764823  0.40090644 0.26637572 0.02227936 0.06995109
 0.01470285 0.07269786] [0.85892606 0.01686173 0.02317916 0.03123617 0.01892176 0.01565623
 0.01590039 0.01931851] [0.01742301 0.03963659 0.7171812  0.12913167 0.00628952 0.04720385
 0.00340603 0.03972813] [0.80322266 0.02711487 0.03796387 0.04162598 0.02416992 0.01832581
 0.02062988 0.02694702] [1.3015458e-03 4.1763885e-03 9.7346848e-01 6.0719731e-03 4.0786533e-04
 5.2176253e-03 2.1001132e-04 9.1460999e-03] [0.9742716  0.00218616 0.00235975 0.0026211  0.00312663 0.00322583
 0.00478437 0.00742455] [0.04705093 0.07451256 0.4327953  0.27290758 0.01894853 0.08079822
 0.01159491 0.061392  ] [0.8587557  0.0172398  0.02265584 0.03274037 0.01844506 0.01382235
 0.01556159 0.0207793 ] [0.8011595  0.02819437 0.03719582 0.04430544 0.02351057 0.01751469
 0.02013884 0.02798078] [0.8848196  0.01437466 0.01950192 0.02290484 0.01474089 0.01093359
 0.0144891  0.01823537] [0.9500721  0.00469147 0.00567172 0.00968045 0.0059616  0.00667485
 0.00651466 0.01073317] [9.8576558e-01 8.7445346e-04 8.3630939e-04 1.1366941e-03 1.5229031e-03
 2.1856569e-03 2.4908097e-03 5.1875976e-03] [0.9243587  0.0087208  0.01119283 0.01399295 0.00971266 0.00782812
 0.01057483 0.01361909] [0.9064575  0.01092016 0.01562858 0.01668167 0.0124006  0.0090429
 0.0126448  0.01622381] [0.7567667  0.03408501 0.045406   0.05517073 0.02947728 0.02195539
 0.02648683 0.0306521 ] [0.91215116 0.01026964 0.01412266 0.01701433 0.01320709 0.00965926
 0.01032304 0.01325286] [0.9708346  0.0026325  0.00296633 0.00348901 0.00373509 0.00324484
 0.00543286 0.00766476] [0.927239   0.00810236 0.00999443 0.01496113 0.0091552  0.00798029
 0.00942223 0.01314535] [0.93547904 0.00680111 0.00986409 0.01068801 0.00804843 0.00709482
 0.00941399 0.01261048] [0.865868   0.01832888 0.0194277  0.02437238 0.02550172 0.01571919
 0.01231591 0.01846623] [0.8794147  0.01562536 0.02333122 0.02433833 0.01559484 0.01197079
 0.01158169 0.01814312] [0.7972781  0.026639   0.03936347 0.04214028 0.02662374 0.01887311
 0.02264163 0.02644066] [0.7319336  0.04098511 0.05487061 0.06103516 0.02734375 0.02326965
 0.02476501 0.03579712] [0.9616811  0.00361355 0.00441254 0.0051791  0.00497697 0.0042905
 0.00642621 0.00942002] [0.9027218  0.01096973 0.01509673 0.01987978 0.01288447 0.00942115
 0.01251831 0.01650799] [0.9604712  0.00375375 0.00481807 0.00519192 0.00505459 0.00444041
 0.00687043 0.00939963] [0.9444764  0.00536045 0.00784418 0.00769157 0.0077221  0.0057992
 0.00926346 0.01184258] [0.8854701  0.01497253 0.02217644 0.01968865 0.01822344 0.01264499
 0.00994353 0.01688034] [0.907701   0.01106245 0.01452615 0.01951569 0.0128477  0.010475
 0.00983414 0.01403787] [0.9237224  0.00842952 0.01209883 0.012999   0.01035953 0.00781161
 0.01084013 0.01373897] [0.9454027  0.00568444 0.00738214 0.00911037 0.00682133 0.00612699
 0.00817186 0.01130021] [0.94444764 0.00588677 0.00773712 0.0091411  0.00772186 0.00563116
 0.00868328 0.01075109] [0.92282695 0.00878883 0.0120999  0.01317561 0.01010868 0.00744228
 0.01164214 0.01391564] [0.07134683 0.0712858  0.36350876 0.30223227 0.02065945 0.10515876
 0.0112147  0.05459345] [0.8609449  0.0163289  0.0216396  0.03219998 0.01820596 0.01596264
 0.01518435 0.01953363] [0.91483665 0.00955752 0.01378327 0.01575884 0.01107543 0.00909985
 0.01163988 0.01424856] [0.95754874 0.00427641 0.00519959 0.00625248 0.00554674 0.00453963
 0.007107   0.0095294 ] [0.6724556  0.04874327 0.06916233 0.07819677 0.03479482 0.02905672
 0.02769851 0.03989195] [0.9560073  0.0044706  0.00569125 0.00646178 0.00601548 0.00464226
 0.00734293 0.00936843] [0.93679017 0.00625081 0.00812338 0.01201345 0.00811576 0.00773056
 0.00829119 0.01268468] [0.8428249  0.01901361 0.02435451 0.03817982 0.02073796 0.01767076
 0.01644998 0.02076848] [0.84932196 0.01829962 0.02593082 0.03220366 0.02040583 0.01449165
 0.01872696 0.0206195 ] [0.8276241  0.02136198 0.02508507 0.04919359 0.02058379 0.02058379
 0.01431253 0.02125517] [0.9304582  0.00797095 0.01019062 0.01356969 0.00897018 0.00792519
 0.00839811 0.01251707] [2.8758072e-03 1.5774986e-02 8.9145446e-01 4.5311127e-02 1.3110859e-03
 2.2045312e-02 6.9225335e-04 2.0534942e-02] [0.8656302  0.01574539 0.02047511 0.03335215 0.01722533 0.01389164
 0.0140137  0.01966648] [0.9589935  0.00360302 0.00409321 0.00748069 0.00534826 0.00555807
 0.00584417 0.00907907] [6.2480365e-04 3.3825247e-03 9.7776902e-01 5.7768105e-03 2.5659875e-04
 4.5634513e-03 1.4439641e-04 7.4823811e-03] [0.95129526 0.00498264 0.00660791 0.0075083  0.00624928 0.00536798
 0.00774102 0.01024761] [0.8727517  0.01587265 0.01921507 0.03079905 0.01852827 0.01498745
 0.01148478 0.01636104] [0.8370929  0.01947437 0.02608284 0.04047495 0.02255731 0.01678825
 0.01698666 0.02054272] [0.85986984 0.01684583 0.02232378 0.03308131 0.01802077 0.01380168
 0.01503002 0.02102677] [0.8601809  0.01704069 0.01682711 0.04094647 0.0164152  0.01795603
 0.01171643 0.01891715] [0.976212   0.00197438 0.00226816 0.002478   0.00307699 0.00299496
 0.00437226 0.00662325] [0.9059207  0.01153767 0.01558959 0.02026723 0.01306382 0.01053804
 0.00950789 0.01357508] [0.92105305 0.009752   0.01262114 0.01314002 0.00953071 0.0079359
 0.01065242 0.01531477] [0.82653403 0.02399841 0.03083331 0.03734782 0.02160315 0.01591249
 0.01969609 0.0240747 ] [0.80659753 0.02395502 0.0251604  0.05871268 0.02300902 0.02526721
 0.01416703 0.02313109] [0.9746001  0.00203512 0.00241659 0.002758   0.00279615 0.00339696
 0.00434871 0.00764839] [9.8961258e-01 5.7927897e-04 4.5627158e-04 6.8226189e-04 1.0670176e-03
 1.7592917e-03 1.6400985e-03 4.2032292e-03] [0.96240604 0.00372316 0.00443651 0.0052109  0.0050316  0.00395204
 0.00657275 0.00866703] [0.8792872  0.0148755  0.02186318 0.02416697 0.01557732 0.01196906
 0.01402874 0.01823203] [0.78353596 0.03013013 0.04241102 0.04933714 0.02660605 0.02270057
 0.01711697 0.02816214] [0.88392395 0.01312456 0.01774868 0.02627965 0.01512377 0.01259805
 0.01360529 0.01759607] [0.927922   0.0080659  0.01033992 0.01425459 0.01007284 0.00726084
 0.0098668  0.01221713] [0.01564169 0.03210743 0.77106667 0.09925225 0.00494812 0.03827255
 0.00230047 0.0364108 ] [0.9661077  0.00320368 0.00382153 0.00431734 0.0045271  0.00364419
 0.00613276 0.00824566] [0.972775   0.00238257 0.00255234 0.00272212 0.00332301 0.0032963
 0.00531452 0.00763414] [0.9829805  0.00119695 0.00128374 0.00136385 0.00221078 0.00217644
 0.00348116 0.00530662] [0.97375166 0.00208117 0.00261529 0.00266108 0.00354619 0.00321618
 0.00512376 0.00700464] [0.9503294  0.00492165 0.00552446 0.00957624 0.00594795 0.00628751
 0.00678349 0.01062925] [0.9764042  0.00215305 0.0020863  0.00270037 0.00283005 0.0028453
 0.00424126 0.00673948] [0.8265971  0.02055202 0.02938619 0.03973085 0.02458003 0.01722586
 0.02003326 0.02189469] [0.95123357 0.004288   0.00580253 0.00880489 0.00679823 0.0063061
 0.00680968 0.00995701] [0.02567165 0.0517096  0.50598484 0.25470182 0.00994357 0.10634961
 0.00433839 0.04130052] [0.91863924 0.01024068 0.01288097 0.01413244 0.00973704 0.00793614
 0.0105917  0.01584177] [0.9158619  0.0092529  0.01339497 0.01491296 0.01100737 0.00866554
 0.01217447 0.01472989] [0.0033304  0.01651085 0.89164704 0.04135343 0.00152786 0.02206533
