dataset_id,fold,checkpoint,sparsity,features,features_added,accuracy,roc_auc_score,prediction_probas,ground_truth
46980,0,wide-v2-5k,0.25,17,0,0.8970588235294118,0.7569732505341542,"[0.9165843  0.00716463 0.01759493 0.02249343 0.0100259  0.00772544
 0.00841596 0.00999538] [0.02782038 0.03922017 0.75107396 0.08369005 0.00694365 0.03320743
 0.01412384 0.04392049] [0.7444812  0.02596531 0.08195396 0.04759798 0.01792552 0.02504996
 0.02504996 0.03197608] [0.96291083 0.00315673 0.00492106 0.00812548 0.00596631 0.00283438
 0.00504314 0.00704208] [0.9828342  0.00148285 0.0020121  0.00295616 0.00244122 0.00110427
 0.00342152 0.00374765] [9.8628628e-01 1.1710624e-03 2.2048014e-03 2.1456762e-03 1.9683002e-03
 7.0998038e-04 2.4927990e-03 3.0211119e-03] [0.80617696 0.02139348 0.04278695 0.03646962 0.02383496 0.02183599
 0.01884518 0.02865688] [9.8232538e-01 1.2053259e-03 2.7539409e-03 3.2917603e-03 2.7863625e-03
 8.4964035e-04 2.8969781e-03 3.8906091e-03] [0.95897156 0.0035686  0.00608055 0.00869739 0.00767888 0.00401301
 0.00636283 0.00462717] [0.937999   0.00643928 0.01149    0.01419084 0.00544745 0.0053063
 0.00960552 0.00952159] [0.8966486  0.01097308 0.01813076 0.02434223 0.01446798 0.0113012
 0.01096545 0.01317075] [0.9710506  0.00263367 0.00421844 0.00589667 0.00331449 0.0020234
 0.00561823 0.00524445] [0.02049592 0.03029367 0.81995875 0.05286512 0.00645934 0.02588315
 0.01037768 0.03366641] [0.882826   0.01248188 0.02616922 0.02594034 0.00872816 0.0114519
 0.0151751  0.01722744] [0.80141014 0.02330426 0.03003457 0.04221322 0.03946615 0.02646338
 0.01282726 0.02428099] [0.8621534  0.01534765 0.02286891 0.03206835 0.01858194 0.01804798
 0.01270071 0.01823105] [0.90886474 0.00867628 0.02150374 0.01706258 0.00937068 0.00762322
 0.01145391 0.01544484] [0.02357987 0.06751931 0.6060865  0.17569672 0.00920302 0.0490217
 0.01571991 0.05317298] [0.7343526  0.02604596 0.08587384 0.05523513 0.01502945 0.02452013
 0.02476426 0.03417864] [0.9760835  0.00198557 0.00413899 0.00382427 0.00371174 0.00147058
 0.0047112  0.00407414] [0.9497759  0.00497854 0.00827086 0.01120076 0.00638627 0.00417358
 0.008103   0.00711111] [0.85402346 0.01762431 0.01954696 0.02775637 0.0303962  0.01774638
 0.01239805 0.02050828] [9.7507626e-01 2.1285543e-03 5.2031330e-03 4.7568232e-03 4.3753618e-03
 8.8212942e-04 3.4960934e-03 4.0816367e-03] [0.9056097  0.00987078 0.0132958  0.02367767 0.014379   0.01154134
 0.00861977 0.01300593] [0.9518853  0.00386139 0.00673072 0.0124999  0.00685663 0.00477713
 0.00551354 0.0078754 ] [0.9742149  0.00218603 0.00382842 0.00517704 0.0030654  0.00178068
 0.00492525 0.00482224] [0.97021115 0.00281142 0.00547788 0.00523374 0.00354003 0.00168228
 0.00478743 0.00625608] [0.964818   0.00313178 0.00464236 0.00942968 0.00406636 0.00289528
 0.00578293 0.00523362] [0.94665456 0.0048059  0.01113747 0.01015341 0.00605695 0.0044855
 0.00868113 0.00802508] [0.9697728  0.00301566 0.00432989 0.00680956 0.00392933 0.002308
 0.00556591 0.00426885] [0.917645   0.00804282 0.01874115 0.01709291 0.0097979  0.00721489
 0.01133931 0.01012602] [9.8842782e-01 1.0415668e-03 1.3067276e-03 1.6911153e-03 1.6939768e-03
 7.1870018e-04 2.5962866e-03 2.5237964e-03] [0.91775167 0.00883275 0.01580437 0.01940459 0.00842849 0.00788693
 0.01102187 0.01086932] [0.934998   0.00664859 0.01370913 0.0121681  0.00835364 0.00537075
 0.00979551 0.00895633] [0.9803818  0.00148569 0.0025766  0.00359503 0.00354163 0.0010232
 0.00357405 0.00382199] [0.7235003  0.03554647 0.05187038 0.04222859 0.07609691 0.03746872
 0.01147251 0.02181607] [0.8419061  0.01841975 0.02212811 0.03503872 0.03763305 0.01982374
 0.00964481 0.01540575] [0.9010095  0.00928632 0.02238789 0.01959513 0.01403249 0.0093321
 0.0125827  0.01177386] [0.87302023 0.01418261 0.02136165 0.0278617  0.02500839 0.01393085
 0.01074186 0.0138927 ] [0.956124   0.00357845 0.00693944 0.01087268 0.00546686 0.00444444
 0.00632904 0.00624511] [0.9135185  0.0084376  0.01588343 0.01946903 0.01197742 0.00841471
 0.01008544 0.01221392] [0.8565891  0.01481114 0.03681038 0.02682946 0.01439908 0.0127356
 0.01548264 0.02234262] [0.00409972 0.06086655 0.63899195 0.16316506 0.00394336 0.04994413
 0.01363777 0.06535145] [0.77685547 0.02511597 0.05621338 0.05249023 0.02011108 0.02253723
 0.01902771 0.02764893] [0.8077528  0.01881725 0.0508203  0.03775658 0.0227852  0.02090805
 0.01800839 0.02315147] [9.8989481e-01 7.3539338e-04 1.3553748e-03 2.1575354e-03 1.8742515e-03
 2.9425274e-04 1.7235484e-03 1.9648643e-03] [9.8567957e-01 1.1203851e-03 1.9442257e-03 2.0576946e-03 2.2731898e-03
 9.2920451e-04 2.6984594e-03 3.2972696e-03] [0.9523337  0.00468536 0.00687924 0.01029406 0.00602839 0.00476548
 0.00672662 0.00828713] [0.96633625 0.0030156  0.00438321 0.00704213 0.00416195 0.00260551
 0.00637454 0.0060808 ] [0.85023385 0.0170468  0.02196092 0.04163265 0.02025166 0.01846609
 0.01282707 0.01758094] [0.97202706 0.00224081 0.00414979 0.00564493 0.00499272 0.00178693
 0.00394764 0.00521012] [0.9491753  0.0046232  0.00708738 0.0125803  0.00907856 0.00553487
 0.00533652 0.00658387] [0.9598273  0.00345373 0.00545426 0.01043556 0.00536653 0.00350903
 0.00671675 0.00523685] [0.9520177  0.00406972 0.00572507 0.01286902 0.00670913 0.00560683
 0.00587383 0.00712869] [0.9816026  0.00152898 0.00258487 0.00281188 0.00262684 0.00120659
 0.00369322 0.00394503] [0.9776985  0.00159576 0.0024666  0.0048073  0.00361311 0.00195535
 0.00412436 0.00373901] [0.8842166  0.01102372 0.02895919 0.02648744 0.01010062 0.0103066
 0.01434991 0.01455589] [0.9612864  0.0030475  0.00906241 0.00684639 0.00562205 0.00236477
 0.00658321 0.00518724] [0.7490806  0.03760052 0.04153759 0.04147655 0.0516702  0.03448749
 0.01626711 0.02787993] [0.8927416  0.01140803 0.01738294 0.02388438 0.01977901 0.01167511
 0.00940877 0.01372016] [0.9585802  0.00377497 0.00616509 0.00943839 0.00624139 0.0037826
 0.00682891 0.00518844] [9.8663008e-01 1.2033097e-03 2.0042451e-03 2.0519197e-03 1.8202206e-03
 4.0714204e-04 2.2483396e-03 3.6347201e-03] [0.9266058  0.00683482 0.01769729 0.01458501 0.00904698 0.00561813
 0.010626   0.00898595] [9.8489147e-01 1.2913119e-03 2.0351992e-03 2.7027903e-03 2.5044205e-03
 6.2562828e-04 3.0613821e-03 2.8878085e-03] [0.98320436 0.00135109 0.00241804 0.00262971 0.00245046 0.00109842
 0.00325329 0.00359464] [0.03497902 0.06483021 0.6290118  0.11018695 0.01593285 0.08204502
 0.01603968 0.04697444] [0.95893866 0.00356085 0.00587817 0.00897937 0.00497794 0.00358183
 0.0068318  0.00725139] [9.8746622e-01 9.4381510e-04 1.5022828e-03 2.3635915e-03 1.9286450e-03
 5.5703690e-04 2.4971277e-03 2.7413084e-03] [0.89604396 0.01111662 0.01420669 0.02617022 0.01412276 0.01146759
 0.01165071 0.01522146] [0.9816026  0.00139736 0.00221669 0.00368559 0.00308849 0.00133631
 0.00408238 0.00259059] [0.9562261  0.0040176  0.00830227 0.00717673 0.00671507 0.00355975
 0.00679138 0.00721107] [0.9357289  0.00605129 0.01488021 0.01259095 0.0071654  0.00533017
 0.00960728 0.00864579] [0.97693247 0.00190807 0.00455038 0.0033222  0.00290263 0.00118051
 0.00358538 0.00561837] [0.96812326 0.00249446 0.00375313 0.00774654 0.00443967 0.00316002
 0.00513385 0.0051491 ] [9.8993516e-01 8.8708650e-04 1.1865975e-03 1.6902337e-03 1.3926305e-03
 4.4425865e-04 2.3598410e-03 2.1042074e-03] [0.82510716 0.01971225 0.03493889 0.03310804 0.02570831 0.01902568
 0.01751522 0.02488443] [0.92539537 0.00771417 0.01485607 0.01591668 0.00647044 0.00645137
 0.01156744 0.01162848] [0.95403606 0.00407    0.01164166 0.00926908 0.00452392 0.00285701
 0.00659897 0.0070033 ] [0.9804697  0.00135517 0.00245857 0.00476456 0.00261688 0.0014801
 0.00361634 0.00323868] [0.9248541  0.00699271 0.01852516 0.01350475 0.00997978 0.00604662
 0.01026208 0.00983481] [0.9537788  0.00448686 0.01194208 0.00868376 0.00707368 0.00163107
 0.00552083 0.00688291] [0.9782419  0.00178472 0.00298375 0.00355226 0.00299519 0.00171604
 0.00423906 0.00448707] [0.942756   0.00579382 0.00659099 0.01302179 0.01499756 0.00628204
 0.00414226 0.00641554] [0.97860426 0.00171391 0.00311498 0.00387608 0.00335915 0.00115024
 0.00379788 0.00438348] [0.03356216 0.04677346 0.7249428  0.08445462 0.01044241 0.04207475
 0.0144241  0.04332571] [0.9300942  0.00741131 0.0140216  0.01363253 0.00657215 0.00568721
 0.00999363 0.0125874 ] [0.9684058  0.00237309 0.00590221 0.00531085 0.0049484  0.0025753
 0.00415101 0.00633334] [0.00749101 0.07835808 0.5712084  0.20822257 0.00454266 0.04842456
 0.0153558  0.06639688] [0.96328706 0.00270055 0.0059084  0.00963501 0.00509976 0.00327651
 0.00505781 0.00503492] [0.91741747 0.00829258 0.01742434 0.01890434 0.00760217 0.00730464
 0.0123664  0.01068805] [0.9230417  0.00641764 0.01933687 0.01797856 0.00875272 0.00690602
 0.00824908 0.00931741] [9.8223263e-01 1.2147471e-03 2.1777726e-03 4.0466143e-03 3.1369841e-03
 9.4967667e-04 3.5984737e-03 2.6430760e-03] [0.86968863 0.0148936  0.02174527 0.02766608 0.0222641  0.0152751
 0.01145251 0.01701472] [9.8799014e-01 9.5911091e-04 1.5452608e-03 2.4247239e-03 1.6635400e-03
 4.2470824e-04 2.7013447e-03 2.2911830e-03] [0.9490486  0.0044357  0.00780347 0.01341007 0.00722374 0.00518324
 0.00633126 0.00656392] [0.98483795 0.00111768 0.00168415 0.00256913 0.00247377 0.00124642
 0.00351325 0.00255769] [0.92519766 0.00723955 0.01203794 0.0205057  0.01181671 0.00688101
 0.00696111 0.0093603 ] [0.70064086 0.03741227 0.06188587 0.0664022  0.04314922 0.04198962
 0.01589869 0.0326213 ] [0.87493324 0.01318259 0.02938619 0.02773836 0.01117621 0.01201538
 0.01635617 0.01521185] [0.97320855 0.00253885 0.00373293 0.0047992  0.00376535 0.00176155
 0.00553931 0.00465424] [0.9759123  0.00202145 0.00418784 0.00413063 0.00466079 0.00131776
 0.0031733  0.00459595] [0.89001447 0.01192311 0.01422687 0.02778244 0.01549317 0.01257152
 0.01068731 0.01730109] [0.96664935 0.00235331 0.0044854  0.00808592 0.00493928 0.00321148
 0.00496979 0.00530543] [0.9385661  0.00565392 0.00804215 0.01488637 0.00870597 0.00626815
 0.00814134 0.00973604] [0.9651866  0.00304176 0.0050232  0.00665564 0.0045655  0.00323819
 0.00576695 0.00652215] [0.9699282  0.00228929 0.00525775 0.00685644 0.00442597 0.00248579
 0.00394903 0.00480752] [0.8795556  0.01393383 0.01455955 0.03093523 0.02034369 0.01347598
 0.0121177  0.01507844] [0.821145   0.02068729 0.02662192 0.04973492 0.02762882 0.02347916
 0.01233457 0.01836836] [9.8667336e-01 1.0250513e-03 2.0043328e-03 2.1797835e-03 2.1874118e-03
 5.8070349e-04 2.4601230e-03 2.8892143e-03] [0.96127546 0.00340599 0.00628182 0.00910807 0.0052482  0.00371875
 0.00583939 0.00512234] [0.8768795  0.01480741 0.02050609 0.02888246 0.01419711 0.01379279
 0.01259507 0.01833953] [0.9818081  0.0014618  0.00227327 0.00319249 0.00285112 0.00147324
 0.00388096 0.003059  ] [0.9571481  0.0039258  0.00640566 0.00771807 0.00537938 0.00410893
 0.00721829 0.00809578] [0.97204465 0.00245635 0.00455036 0.00535134 0.00331264 0.00190997
 0.00496611 0.00540855] [0.8952824  0.00974028 0.02105183 0.02658937 0.01292094 0.01115899
 0.00989283 0.01336333] [6.02316868e-04 8.86640884e-03 9.46401417e-01 1.05374446e-02
 5.81810426e-04 1.11631295e-02 3.24478536e-03 1.86026730e-02] [0.841951   0.01884806 0.02998901 0.0378182  0.01788658 0.01968744
 0.01338441 0.02043526] [0.8860682  0.01262434 0.0146305  0.03013059 0.01636968 0.01359309
 0.01142674 0.01515683] [9.9627978e-01 2.8639421e-04 4.0967963e-04 5.2366499e-04 7.2445092e-04
 3.2848293e-05 8.1315922e-04 9.3000615e-04] [0.94425666 0.0058093  0.01067263 0.01025305 0.00534776 0.00422252
 0.00844503 0.01099303] [0.9572913  0.00424475 0.00780301 0.0082988  0.00415703 0.00307582
 0.00755511 0.00757418] [9.8624629e-01 1.2730496e-03 1.5686641e-03 2.1284246e-03 1.9033760e-03
 9.0114743e-04 3.1354211e-03 2.8436210e-03] [0.96080554 0.00307041 0.00532077 0.00822336 0.00630483 0.00432909
 0.00508429 0.0068617 ] [0.0269895  0.04076651 0.7440498  0.09038203 0.00759795 0.03283291
 0.01438728 0.04299402] [0.9081823  0.00916269 0.01460996 0.02308602 0.01267976 0.01045966
 0.01034522 0.01147435] [0.9170272  0.00816376 0.01214646 0.02311795 0.0100483  0.00943029
 0.00896488 0.01110119] [0.83288074 0.01667531 0.04332835 0.03191652 0.02529521 0.01798737
 0.01456992 0.0173466 ] [0.96866316 0.00324411 0.00477176 0.00583215 0.00335282 0.00226954
 0.00604575 0.00582071] [0.9020103  0.01030908 0.01101111 0.02338048 0.02637171 0.01212519
 0.00523085 0.00956127] [9.94363129e-01 4.76943882e-04 6.66290580e-04 7.13031099e-04
 9.86319967e-04 1.10054796e-04 1.14466529e-03 1.53957482e-03] [0.974667   0.00213636 0.00294894 0.00505477 0.00428797 0.00216497
 0.00404    0.00469999] [0.98078775 0.00150082 0.00205577 0.00392465 0.00316375 0.00136638
 0.00310844 0.00409246] [0.9733023  0.0019687  0.00344905 0.00652801 0.00363027 0.00220144
 0.00459364 0.00432657] [0.89695215 0.00955178 0.02413885 0.02102613 0.01332825 0.00958993
 0.01325195 0.01216098] [9.9019426e-01 7.6481578e-04 1.2082563e-03 1.8166760e-03 1.5239097e-03
 3.3615658e-04 1.9988203e-03 2.1571238e-03] [0.9469327  0.0049294  0.01033953 0.01004193 0.00566575 0.00412055
 0.00907284 0.00889733] [0.9442531  0.00510362 0.0083382  0.01342656 0.01052001 0.00599236
 0.00536681 0.00699936] [0.9423109  0.00524862 0.01041333 0.0127096  0.00611068 0.00548512
 0.00806365 0.00965808] [0.89488983 0.01190013 0.01627877 0.02267127 0.01899444 0.01096948
 0.01096948 0.01332662] [0.97032034 0.00267249 0.00432634 0.00569215 0.00526104 0.00221658
 0.00503976 0.00447131] [0.9332657  0.00687526 0.01307903 0.01471963 0.00677988 0.00573829
 0.0098665  0.00967573] [0.8142916  0.02042747 0.04518757 0.03630872 0.01873408 0.02042747
 0.0195884  0.02503471] [0.00229077 0.03671331 0.7797993  0.07678362 0.00171951 0.03726264
 0.00802627 0.0574046 ] [0.9339609  0.00598067 0.00792591 0.01806406 0.01316663 0.00754449
 0.00550008 0.00785726] [0.96994674 0.00274721 0.00397582 0.00565848 0.00537231 0.00277964
 0.00547915 0.00404068] [0.7210814  0.03853782 0.05019376 0.04738657 0.05724224 0.04082629
 0.0188875  0.02584445] [0.95791465 0.00327078 0.00599231 0.0109166  0.0056452  0.00434833
 0.00582066 0.00609148] [0.97653735 0.00233263 0.00293152 0.00513445 0.00305359 0.00178809
 0.00476825 0.00345412] [0.8813544  0.01309977 0.01482403 0.03099084 0.02233904 0.0149995
 0.00859839 0.01379405] [0.8394772  0.01593249 0.04511152 0.03558866 0.01149916 0.01394856
 0.01950356 0.0189389 ] [0.8653136  0.01398596 0.03012361 0.03094766 0.01565695 0.0138944
 0.01384099 0.01623684] [0.9736941  0.00195897 0.00289363 0.00703093 0.00371003 0.0026056
 0.00396753 0.00413921] [0.12392217 0.06544067 0.5494086  0.10731782 0.02252575 0.05991606
 0.01991606 0.05155284] [0.964326   0.00356091 0.00602704 0.00823949 0.007221   0.00171465
 0.0042113  0.00469956] [0.9854888  0.00113885 0.00195912 0.00250088 0.00211936 0.00102439
 0.00287287 0.00289576] [0.8903303  0.01298042 0.01224021 0.02391572 0.02869276 0.01253019
 0.00771881 0.01159157] [0.9196476  0.00819588 0.01523945 0.01668174 0.00774945 0.00766933
 0.01175963 0.01305693] [9.9403435e-01 3.9978520e-04 6.9753820e-04 1.0680010e-03 1.0346260e-03
 2.0060778e-04 1.1938725e-03 1.3712370e-03] [0.9837694  0.00149042 0.00193668 0.00292362 0.00213979 0.00105941
 0.00383522 0.00284542] [0.960855   0.00335855 0.00490147 0.01058106 0.0049892  0.00375334
 0.00575207 0.00580929] [0.85692054 0.01464058 0.03689519 0.02661092 0.01530433 0.01516701
 0.01543403 0.01902742] [9.8852044e-01 8.1797369e-04 1.3373750e-03 2.6404094e-03 2.0680663e-03
 4.2997274e-04 2.2016130e-03 1.9841227e-03] [0.8673198  0.01284223 0.02875195 0.02817202 0.02061777 0.01400971
 0.01272014 0.01556634] [0.90459883 0.00975599 0.02036629 0.0208087  0.01220452 0.00890167
 0.0124181  0.01094593] [0.91486454 0.00823055 0.01778835 0.01940548 0.01048079 0.00833734
 0.01080879 0.01008414] [0.6938688  0.02612384 0.12164678 0.05413984 0.01911985 0.03189184
 0.02275155 0.03045747] [9.8581868e-01 1.1501065e-03 1.7947765e-03 2.8476105e-03 1.8844201e-03
 9.2742837e-04 3.0707654e-03 2.5062023e-03] [0.947262   0.00497053 0.00971218 0.01097103 0.0078201  0.00490187
 0.0065727  0.00778958] [0.916434   0.00906303 0.01155002 0.01992646 0.01547886 0.00969622
 0.00797211 0.00987931] [0.92129534 0.00736926 0.012572   0.01977343 0.01166419 0.00789564
 0.00855933 0.01087081] [0.9205366  0.00804249 0.01296412 0.01898454 0.0115296  0.00969066
 0.00820273 0.01004929] [0.9762567  0.00178084 0.00289208 0.00547511 0.00322593 0.00191438
 0.00444877 0.00400618] [9.8990589e-01 7.5304741e-04 1.1617629e-03 2.1194064e-03 1.5967085e-03
 3.7413914e-04 2.2472194e-03 1.8418424e-03] [0.92892003 0.00684129 0.01005017 0.01698686 0.01117195 0.00787531
 0.00705115 0.01110327] [0.8851324  0.01170951 0.01661454 0.03023877 0.01768251 0.01290716
 0.01109924 0.01461591] [0.91964406 0.00858503 0.01153065 0.01527754 0.01977992 0.00817295
 0.00808901 0.0089208 ] [0.79992676 0.02626438 0.02988127 0.03876324 0.03403229 0.02626438
 0.01571895 0.02914874] [0.9726321  0.00257676 0.00402059 0.00547396 0.00301735 0.00192256
 0.00580583 0.00455082] [0.01775866 0.04705128 0.707417   0.11839104 0.00767406 0.04076558
 0.01556934 0.04537306] [0.92611057 0.00667457 0.01398991 0.01574437 0.01247955 0.00715896
 0.00947408 0.00836801] [0.9252718  0.00745375 0.00965859 0.01925615 0.01185581 0.00953653
 0.0077818  0.00918558] [0.98306954 0.00146985 0.00178271 0.00301219 0.00257915 0.00106447
 0.00353871 0.00348338] [0.81689453 0.02064514 0.0350647  0.04275513 0.02513123 0.02296448
 0.01452637 0.02201843] [9.8669499e-01 1.0660767e-03 1.5848117e-03 2.0844757e-03 1.9719559e-03
 7.2565686e-04 2.7328944e-03 3.1391096e-03] [0.9642286  0.00269282 0.00638115 0.00706008 0.00463806 0.00292739
 0.00505381 0.00701812] [0.9742214  0.00198957 0.00280218 0.00632542 0.0044255  0.00250651
 0.00376931 0.00396006] [0.9748065  0.00219962 0.00380211 0.00447173 0.00528061 0.00139837
 0.00343583 0.00460527] [9.7922522e-01 1.8219297e-03 4.4260491e-03 3.2871047e-03 3.2222401e-03
 6.7821576e-04 3.3252602e-03 4.0139686e-03] [0.9195774  0.00711934 0.02313594 0.01484912 0.01175874 0.00590226
 0.00817999 0.00947719] [0.8515495  0.01612829 0.03527778 0.0353083  0.01049789 0.01428201
 0.01719639 0.01975983] [0.40379012 0.0837364  0.16820519 0.07635149 0.09191474 0.098079
 0.02769343 0.05022964] [0.8605091  0.01710824 0.02107625 0.03226299 0.02011477 0.01713876
 0.01265185 0.01913803] [0.18918878 0.08623347 0.28439346 0.26730543 0.0267458  0.06084555
 0.02425888 0.06102864] [0.98425764 0.00113664 0.00169638 0.00307809 0.00250214 0.0011519
 0.00288547 0.00329169] [0.9144845  0.00876554 0.0201554  0.01838551 0.00768224 0.00683163
 0.01303006 0.01066512] [0.9481554  0.00398218 0.00714809 0.01531842 0.00749138 0.00523329
 0.00619069 0.00648058] [0.9605207  0.00305198 0.00567669 0.01000288 0.00513878 0.00345828
 0.00599715 0.00615356] [0.84854215 0.01653876 0.02691363 0.0357933  0.02136002 0.0182323
 0.0146011  0.01801871] [0.9688812  0.0027584  0.00416621 0.00770673 0.00370648 0.00221282
 0.00609671 0.00447143] [0.97317797 0.00238808 0.00516146 0.0046312  0.00300799 0.00187117
 0.00455109 0.00521106] [0.9274407  0.00632991 0.01070629 0.01820756 0.0161014  0.0079515
 0.00563549 0.00762718] [0.01224602 0.06433547 0.648482   0.14393078 0.00672959 0.06247377
 0.01190267 0.04989967] [0.8451181  0.0159131  0.03869186 0.02950712 0.01795754 0.01555456
 0.01811011 0.01914759] [0.8757761  0.01305091 0.02881726 0.02854266 0.00951168 0.01115162
 0.01688761 0.01626215] [0.9764014  0.00170584 0.00360429 0.00463791 0.00365769 0.00202527
 0.0037149  0.00425269] [0.8421117  0.016888   0.04607205 0.03179277 0.02018322 0.01509546
 0.01231893 0.01553788] [0.70655376 0.03059434 0.09246967 0.05563439 0.01893645 0.03253223
 0.02644389 0.03683528] [0.9724986  0.00209774 0.00341169 0.00599955 0.00462266 0.00262218
 0.00367487 0.00507273] [0.9142648  0.00770739 0.01323993 0.02074128 0.01567424 0.01014171
 0.00774555 0.01048511] [0.93498015 0.00620599 0.0112219  0.01250353 0.00752577 0.00658361
 0.00948254 0.01149653] [0.9688036  0.00272194 0.00626026 0.00476864 0.00392173 0.00210201
 0.00555832 0.00586351] [0.00163449 0.01178664 0.93157935 0.01531119 0.00112049 0.01054313
 0.00524486 0.02277987] [0.9696489  0.0022524  0.00392501 0.00740373 0.00600767 0.00271203
 0.00437892 0.00367135] [0.9830883  0.00133062 0.00224154 0.00270893 0.00348154 0.00128483
 0.00279477 0.00306948] [0.97257274 0.00235537 0.00326319 0.00554609 0.00408138 0.00294279
 0.00458869 0.00464972] [0.95458984 0.00375175 0.01104736 0.00749207 0.00567627 0.00263023
 0.00645828 0.00835419] [0.84317166 0.01910196 0.02494546 0.03704438 0.02145157 0.02032254
 0.01426544 0.01969699] [0.91385335 0.00864213 0.01125841 0.0214642  0.01277631 0.00941252
 0.00942015 0.01317295] [0.92689574 0.00792812 0.00962973 0.01848114 0.01215543 0.00718414
 0.00842411 0.00930162] [0.84130216 0.01696764 0.04138152 0.03222632 0.01447285 0.01440419
 0.01818834 0.02105697] [0.22021821 0.06848249 0.3842832  0.15906005 0.02830549 0.06045625
 0.0231632  0.05603113] [0.91211283 0.00898746 0.01277165 0.02101143 0.01641852 0.01095585
 0.00714496 0.01059727] [0.9387715  0.00559882 0.00711676 0.01535481 0.01054165 0.00816177
 0.00698709 0.00746764] [0.8309025  0.02172454 0.02411973 0.02622506 0.04540184 0.0226399
 0.01319644 0.01578996] [0.96073043 0.00296338 0.00556444 0.0110221  0.00616322 0.00359458
 0.00471014 0.00525171] [0.98259616 0.00144317 0.00219193 0.00320873 0.00235599 0.0012543
 0.00378867 0.00316104] [0.93979084 0.0057135  0.00752519 0.01441725 0.00951233 0.00684628
 0.00773497 0.00845964] [0.89383155 0.00919125 0.03081547 0.02068602 0.0101447  0.00979383
 0.01229568 0.0132415 ] [0.00205848 0.01302622 0.92842543 0.01787194 0.00124863 0.01111846
 0.00431918 0.02193167] [0.9222331  0.00837589 0.00881834 0.01846053 0.01958952 0.00859711
 0.00627429 0.0076512 ] [0.8877427  0.01268836 0.0152596  0.0299546  0.01416854 0.01369549
 0.01133789 0.01515279] [0.9825578  0.00126665 0.00213271 0.0040098  0.00313993 0.00120847
 0.00302547 0.00265921] [0.9715667  0.00245638 0.00340994 0.00530944 0.00451226 0.00234767
 0.0045771  0.00582055] [0.93103516 0.00650324 0.01321245 0.01493647 0.00773142 0.00699909
 0.00885661 0.01072558] [0.7837632  0.0249504  0.05020601 0.05014497 0.01762551 0.02160842
 0.02240195 0.02929956] [0.9333979  0.00653321 0.01209768 0.01526322 0.00668576 0.00648744
 0.00919912 0.01033566] [9.8458719e-01 1.3297086e-03 2.9207803e-03 2.4075930e-03 2.2664187e-03
 5.8759004e-04 2.9265035e-03 2.9741975e-03] [0.96281165 0.0037915  0.00453912 0.00839927 0.00604199 0.00305723
 0.00626703 0.0050922 ] [0.97958934 0.00165574 0.00273541 0.00350224 0.00287847 0.00165002
 0.00386086 0.00412791] [0.96528417 0.00312599 0.00584764 0.0061528  0.00505422 0.00245845
 0.00577135 0.00630538] [0.9187981  0.0085283  0.01072521 0.0193603  0.01295264 0.00970304
 0.00899362 0.0109388 ] [0.9445269  0.00525772 0.00731807 0.01387304 0.00718453 0.00651682
 0.0072265  0.00809642] [0.9813742  0.00138368 0.00197015 0.00446669 0.00308777 0.00124255
 0.00398988 0.0024851 ] [0.6978604  0.0392516  0.05136892 0.07136098 0.04495925 0.04132711
 0.0163294  0.03754235] [0.76564837 0.03035066 0.04092532 0.0606708  0.02789392 0.02903836
 0.01695303 0.02851955] [0.9737526  0.00212696 0.00426536 0.00499787 0.00385713 0.00131719
 0.00459728 0.00508562] [0.9011678  0.01119747 0.01685723 0.02100671 0.01557578 0.00951175
 0.01064065 0.01404261] [0.95949644 0.00315674 0.00543226 0.01058986 0.00594345 0.00367746
 0.00627915 0.00542463] [0.93341213 0.00649517 0.01321917 0.0144854  0.00784912 0.00556075
 0.00903145 0.0099468 ] [0.8521223  0.01597729 0.02662882 0.03692937 0.01640457 0.01695394
 0.01430632 0.0206774 ] [0.95939946 0.00379343 0.00664851 0.00915457 0.00482141 0.00354168
 0.00645016 0.00619078] [0.9251659  0.00702952 0.00976428 0.01621787 0.0169807  0.00838355
 0.00625143 0.01020673] [0.92755747 0.00749445 0.01534741 0.01548472 0.00640747 0.00620533
 0.01051893 0.01098423] [9.3124079e-04 8.9414371e-03 9.4821960e-01 1.0452021e-02 6.8519864e-04
 9.3991896e-03 3.0764800e-03 1.8294852e-02] [0.9721105  0.00244317 0.00663337 0.00480242 0.00329952 0.00170888
 0.00436376 0.0046384 ] [9.8807913e-01 1.0345250e-03 1.5141250e-03 1.9412838e-03 1.5627525e-03
 6.7744701e-04 2.6888116e-03 2.5019296e-03] [0.97204745 0.00258414 0.00451223 0.00529796 0.00380087 0.00208447
 0.00541238 0.00426049] [0.013473   0.01951525 0.88912624 0.02375703 0.00489788 0.01573121
 0.00884213 0.02465726] [0.9397729  0.00608335 0.00779584 0.01472209 0.00817725 0.00713983
 0.00746021 0.00884851] [0.8695891  0.01373228 0.02291765 0.03088238 0.02485543 0.01673813
 0.00807916 0.01320588] [0.855645   0.01698653 0.01794803 0.03501087 0.0265405  0.01733756
 0.01211034 0.01842115] [0.9193389  0.00803293 0.01026811 0.0210397  0.0139985  0.01022234
 0.00761717 0.00948236] [0.92267907 0.00662489 0.01314299 0.02032091 0.00944343 0.00837551
 0.00890947 0.01050371] [0.8908017  0.00982098 0.02840224 0.02063398 0.01386536 0.01059933
 0.01316332 0.01271309] [0.90391207 0.01002617 0.01317747 0.02595817 0.01405495 0.01101048
 0.00982015 0.01204056] [0.8897231  0.01146794 0.02722397 0.01916665 0.01493961 0.01023951
 0.01403163 0.01320759] [0.7729846  0.02598691 0.02980178 0.04223826 0.06396777 0.03195337
 0.01066638 0.02240093] [0.79461545 0.02461806 0.03720944 0.04395537 0.02898307 0.02400757
 0.02032936 0.02628165] [0.84367275 0.01597449 0.03335266 0.03670929 0.0193006  0.01840042
 0.01383846 0.01875133] [9.8962033e-01 7.3661981e-04 1.3254388e-03 1.8956637e-03 1.7259312e-03
 4.1074303e-04 1.9814835e-03 2.3037845e-03] [0.97206414 0.00216461 0.00422242 0.00577865 0.00453519 0.00258037
 0.00451612 0.0041385 ] [0.93166906 0.00639363 0.00859096 0.01791437 0.00984985 0.00799585
 0.00792718 0.00965911] [0.9546627  0.00412019 0.00648167 0.00972059 0.00803437 0.00410493
 0.00550121 0.00737437] [0.6597888  0.0429461  0.07807826 0.08601429 0.03858128 0.03980221
 0.02298394 0.03180514] [9.7574741e-01 2.2205212e-03 5.2117389e-03 4.4143354e-03 3.1495537e-03
 9.6766272e-04 3.7828982e-03 4.5059030e-03] [0.9228234  0.00735451 0.01589917 0.01666209 0.00827764 0.00735451
 0.01113095 0.01049773] [0.9371082  0.00650854 0.00941564 0.01490174 0.00754243 0.00620334
 0.00840846 0.0099116 ] [0.18909846 0.08740768 0.2976256  0.25831655 0.030611   0.04880059
 0.02975645 0.05838369] [0.41455078 0.05218506 0.25756836 0.12536621 0.03564453 0.03634644
 0.02957153 0.04876709] [9.8428255e-01 1.2978289e-03 2.4106621e-03 2.4163837e-03 2.1112366e-03
 7.9672004e-04 2.7100879e-03 3.9745411e-03] [0.92767066 0.00747248 0.01267155 0.01434991 0.01177898 0.00636629
 0.0094064  0.01028372] [0.94017094 0.0060058  0.00840202 0.0147207  0.00792125 0.0070551
 0.00740614 0.00831807] [0.9593702  0.00303617 0.00579391 0.00825412 0.00633935 0.00442458
 0.00561463 0.00716705] [0.9140695  0.00894935 0.01322184 0.0195314  0.01315318 0.00946815
 0.00918586 0.01242075] [0.9044694  0.00930964 0.02246522 0.0206796  0.01095027 0.00930964
 0.01246118 0.01035506] [0.9495911  0.00463429 0.00849811 0.01077902 0.00615236 0.00402783
 0.00823874 0.00807854] [0.8443542  0.01526088 0.042761   0.03155951 0.01341432 0.01475728
 0.01730584 0.02058693] [0.935055   0.00716016 0.00811765 0.01457972 0.01248164 0.00616453
 0.00847622 0.00796506] [0.56105226 0.05746635 0.09234901 0.05716117 0.09949034 0.06878872
 0.02304148 0.04065065] [0.8566087  0.01715415 0.02319778 0.03214114 0.02307569 0.01839035
 0.01183545 0.01759674] [0.94293225 0.00559652 0.01040717 0.01162795 0.00773289 0.00516543
 0.00772526 0.00881252] [0.5289135  0.06193245 0.09126566 0.0457244  0.14712392 0.07081483
 0.01832944 0.03589579] [0.93200445 0.00642691 0.01307504 0.01406673 0.00747199 0.00650319
 0.01035933 0.01009234] [9.8689312e-01 1.2570404e-03 1.4325301e-03 2.0639116e-03 1.7692033e-03
 7.4916938e-04 3.1263875e-03 2.7086455e-03] [0.9356896  0.00575726 0.01394866 0.01243018 0.00843177 0.00565043
 0.00874462 0.00934743] [0.9216992  0.00823055 0.0129141  0.01598816 0.01179279 0.00853566
 0.01067912 0.01016042] [0.9330307  0.00649209 0.01266378 0.01456335 0.00745714 0.00698034
 0.00873496 0.01007762] [0.94195205 0.0058254  0.00820973 0.01377953 0.00786639 0.00597037
 0.00782061 0.00857596] [0.9655438  0.00295513 0.006288   0.00831023 0.00572712 0.00273383
 0.00353128 0.00491059] [0.01851018 0.0395535  0.75542295 0.09094863 0.00618786 0.03192358
 0.01371859 0.04373469] [0.33987486 0.06610712 0.25270867 0.18409888 0.03125286 0.04556692
 0.02960476 0.0507859 ] [0.87908065 0.01114113 0.02637242 0.0285396  0.01251469 0.0126902
 0.01255284 0.0171085 ] [0.9538134  0.00423139 0.00843988 0.00811175 0.00744404 0.00410166
 0.0065741  0.00728379] [0.05093462 0.0901503  0.3610895  0.33594263 0.01423667 0.06027314
 0.02059968 0.06677348] [0.8995788  0.01021    0.02159514 0.02164092 0.00891276 0.01013369
 0.01310207 0.01482663] [0.00551196 0.02142228 0.87105054 0.03265219 0.00243747 0.02105608
 0.00754128 0.03832818] [0.9594159  0.00401282 0.00573697 0.00919288 0.00540129 0.0033205
 0.00690801 0.00601161] [0.9826271  0.00131921 0.00212523 0.00381359 0.00238468 0.00117326
 0.00367432 0.00288261] [0.93061084 0.0064808  0.01082549 0.01806537 0.01000156 0.00688132
 0.00706442 0.01007022] [0.9254977  0.00777607 0.01365201 0.01669681 0.0085926  0.00787528
 0.0095007  0.0104088 ] [0.00100621 0.01561864 0.90778846 0.02272218 0.00092705 0.01970069
 0.00478402 0.02745279] [9.8777461e-01 1.1234075e-03 1.4505116e-03 1.9912350e-03 1.5964211e-03
 6.0700241e-04 2.8800429e-03 2.5767800e-03] [0.9712044  0.00205424 0.00550087 0.00597771 0.0036202  0.00215724
 0.00388914 0.00559624] [0.01010914 0.03720164 0.79542536 0.07000866 0.00490961 0.0339362
 0.00977344 0.03863599] [0.00720316 0.07258105 0.5699047  0.21426365 0.00561221 0.04944545
 0.01664969 0.06434014] [0.9672981  0.00306706 0.00456625 0.00643548 0.00422293 0.00224879
 0.00594719 0.00621422] [0.8424651  0.01926071 0.02405299 0.03110406 0.02516712 0.01997802
 0.0135527  0.02441928] [0.01240402 0.02473176 0.8670916  0.0363119  0.00554214 0.02192445
 0.00639273 0.02560141] [0.91486454 0.00836785 0.0173917  0.01813924 0.0122581  0.0084899
 0.0096112  0.01087744] [9.8485905e-01 1.1987635e-03 1.6841816e-03 2.5977977e-03 2.5787242e-03
 7.1477582e-04 3.1261309e-03 3.2405714e-03] [0.9665243  0.00294179 0.00443367 0.00724573 0.00591792 0.00343209
 0.00494495 0.00455958] [0.00708427 0.05353069 0.67484075 0.14453897 0.0045817  0.04254378
 0.01474078 0.05813909] [0.61716866 0.05587598 0.06658732 0.08587384 0.0540755  0.05526565
 0.02130062 0.04385242] [0.923888   0.00776341 0.01269614 0.01861693 0.00850733 0.00807242
 0.00992649 0.01052925] [0.93999517 0.0054744  0.00650825 0.01809796 0.01077332 0.00708811
 0.00483731 0.00722545] [0.9782419  0.00137932 0.00260219 0.00573856 0.00347023 0.00167311
 0.00348167 0.003413  ] [0.95531136 0.0041743  0.00740232 0.00880647 0.00616224 0.00402167
 0.00647512 0.00764652] [0.9805398  0.00150024 0.00305389 0.00322365 0.00258655 0.00125608
 0.00362423 0.00421555] [0.83672893 0.01620125 0.03780292 0.04021327 0.01462231 0.01812343
 0.01643008 0.0198778 ] [0.94823134 0.00451274 0.00803366 0.01160418 0.00925435 0.00511545
 0.00691597 0.00633232] [0.90721273 0.00938401 0.01416757 0.0207669  0.01535011 0.01049789
 0.00939927 0.01322154] [0.97519344 0.0019352  0.00299102 0.00542122 0.00404398 0.00220893
 0.00403253 0.00417369] [0.8990218  0.01024737 0.01658808 0.02383677 0.0145737  0.01236857
 0.01067466 0.01268904] [0.91975695 0.00755556 0.01579002 0.01656807 0.01165562 0.00814673
 0.0098249  0.01070212] [0.904428   0.01025539 0.0151618  0.02234211 0.01661923 0.01107949
 0.0093321  0.0107819 ] [0.8880142  0.01162498 0.02508067 0.02233461 0.01207503 0.00897808
 0.01323448 0.01865794] [0.9063952  0.00924068 0.02334969 0.01649739 0.01023266 0.00811135
 0.01123227 0.01494075] [0.9251871  0.00702205 0.01429585 0.01594361 0.01077147 0.00725091
 0.00934494 0.01018408] [0.952965   0.00430226 0.00655255 0.01165576 0.00784933 0.00445482
 0.0051833  0.00703694] [0.9629531  0.00352882 0.00722551 0.00709961 0.00684783 0.00267428
 0.00502428 0.0046466 ]",0 2 4 0 0 0 0 0 0 0 0 0 2 0 0 0 0 2 0 0 0 2 0 0 0 0 0 0 0 0 0 0 1 0 0 2 0 0 0 0 0 0 3 0 0 0 0 0 0 0 0 0 0 0 0 0 1 0 0 0 0 0 0 0 0 3 0 0 0 0 0 0 0 0 0 0 0 0 0 0 0 0 0 0 2 0 0 3 0 2 0 0 4 0 0 0 5 0 0 0 7 0 0 0 0 0 0 3 0 0 0 0 0 0 0 2 0 0 0 0 0 0 0 2 0 0 0 0 0 0 0 0 0 0 0 0 0 0 0 0 0 0 2 0 0 0 0 0 0 0 0 0 7 0 0 0 0 0 0 3 4 0 0 0 0 0 0 0 0 0 0 0 0 0 0 3 0 0 5 0 3 0 0 0 0 0 0 0 1 0 0 0 2 0 7 0 0 0 0 0 6 2 0 0 0 0 3 0 0 0 0 2 0 0 0 0 0 0 0 4 3 0 0 0 0 0 0 0 2 7 0 0 0 0 1 0 0 0 0 0 0 0 0 0 0 0 0 0 0 0 0 0 6 2 0 0 0 2 0 0 0 0 0 0 0 7 0 0 0 0 0 0 0 0 0 0 0 3 0 0 0 0 0 0 0 0 4 0 0 0 0 0 0 0 0 0 0 0 0 2 0 0 0 1 0 2 0 0 0 0 2 0 0 2 3 0 0 2 0 7 0 2 5 0 0 0 0 0 0 0 0 0 0 0 0 0 0 0 0 0
46980,1,wide-v2-5k,0.25,17,0,0.8911764705882353,0.7868578021304476,"[0.964258   0.00275012 0.0066369  0.00535529 0.00411946 0.00320974
 0.00572147 0.00794903] [0.9586863  0.00294553 0.00694413 0.00767288 0.00515086 0.00406727
 0.00521573 0.00931734] [0.74518543 0.02800244 0.0768503  0.04303373 0.03989013 0.03232107
 0.01059057 0.02412635] [0.9767553  0.00173031 0.00384025 0.00366665 0.00325267 0.00165114
 0.0040253  0.00507836] [0.89690423 0.0093987  0.01442608 0.03040845 0.01124487 0.01226713
 0.00993271 0.01541783] [0.9772092  0.00129148 0.00214612 0.00347003 0.00282143 0.00267072
 0.00356923 0.00682178] [0.83427536 0.02013684 0.03514794 0.03414109 0.02143353 0.01408816
 0.01932831 0.02144879] [0.86828333 0.01576449 0.02629451 0.03116273 0.01925924 0.00743968
 0.01456651 0.01722954] [0.9254483  0.00614651 0.01294926 0.01907669 0.00866082 0.00713087
 0.00805036 0.0125372 ] [0.08135986 0.0713501  0.43725586 0.24645996 0.01924133 0.05340576
 0.01249695 0.07843018] [0.9128031  0.00794399 0.01846729 0.01965774 0.01243871 0.00721522
 0.00921838 0.01225557] [0.01178517 0.03264758 0.77084905 0.09495259 0.00493528 0.04030603
 0.00284522 0.04167906] [0.80659753 0.02435173 0.04406503 0.04290542 0.02390924 0.01492993
 0.01829431 0.02494679] [2.5392997e-03 5.3151683e-03 9.6800929e-01 6.0401377e-03 7.7314139e-04
 4.6588806e-03 4.3116586e-04 1.2232901e-02] [0.9832306  0.00109368 0.00194612 0.00138068 0.00201572 0.0015609
 0.00272323 0.00604908] [0.24047118 0.05807318 0.3869511  0.16991669 0.03010467 0.05276328
 0.01103177 0.05068815] [0.88999414 0.01087777 0.0212826  0.02889552 0.01501224 0.00904701
 0.01129732 0.0135934 ] [0.86292464 0.01678723 0.02988127 0.0294387  0.01861856 0.00887434
 0.01445991 0.01901535] [0.87662536 0.01530737 0.02437275 0.025029   0.01268238 0.01024052
 0.01654356 0.01919907] [0.9633256  0.00265298 0.00517626 0.00694999 0.00470708 0.00345974
 0.005161   0.00856734] [9.9177676e-01 3.7482331e-04 6.2899740e-04 5.3266878e-04 1.0147889e-03
 4.5398448e-04 1.4144096e-03 3.8035507e-03] [0.9305292  0.00711719 0.01120596 0.01411996 0.00731553 0.00764355
 0.00930651 0.01276213] [0.9338683  0.0063462  0.01317295 0.01199829 0.01005324 0.00392061
 0.00903876 0.01160165] [0.7193261  0.04053229 0.05783787 0.05939446 0.03818215 0.01889269
 0.03189476 0.03393969] [0.9314168  0.00665123 0.01553734 0.01269989 0.00989295 0.00671225
 0.00776104 0.00932851] [0.9789152  0.00152097 0.00286458 0.00256706 0.0026033  0.00169357
 0.00385822 0.00597709] [0.964864   0.00246816 0.0050088  0.00818651 0.00482951 0.00251203
 0.00446329 0.0076677 ] [0.95736796 0.0031676  0.00742985 0.00694546 0.00552662 0.00421457
 0.00643056 0.00891735] [0.9017454  0.01031368 0.01544001 0.01693519 0.02077993 0.01251068
 0.00855914 0.01371598] [0.8912765  0.01136225 0.03096575 0.01661986 0.0141017  0.0108052
 0.01053049 0.01433826] [0.7628583  0.03183664 0.05738531 0.05039529 0.02774641 0.01578096
 0.02379354 0.0302036 ] [0.648906   0.06033141 0.07812262 0.07598645 0.03512466 0.02285697
 0.03597913 0.04269279] [0.97449505 0.00184133 0.00374369 0.00357014 0.00344617 0.00148756
 0.00427577 0.00714028] [0.94344217 0.00503966 0.00901874 0.01297874 0.00738972 0.00395619
 0.00797342 0.0102014 ] [0.9724429  0.00214339 0.00409227 0.00312546 0.00354689 0.00254003
 0.00456138 0.00754763] [0.9551838  0.00434542 0.00856113 0.00637506 0.00515804 0.00272018
 0.00792019 0.00973618] [0.9436353  0.00438591 0.01359252 0.00819213 0.00974054 0.00713951
 0.00519826 0.00811585] [0.92896885 0.00688764 0.0155296  0.0133405  0.01124294 0.00684568
 0.00778768 0.00939708] [0.9503784  0.00522714 0.01006511 0.00847026 0.00634125 0.00243997
 0.00708144 0.00999643] [0.97493774 0.00176782 0.00364435 0.00445865 0.00331634 0.00223886
 0.00381216 0.00582409] [0.97012603 0.00242402 0.00527143 0.00537823 0.00418815 0.00224474
 0.00469928 0.00566812] [0.95618784 0.00400981 0.00795857 0.00806539 0.00507425 0.00288241
 0.00687886 0.0089429 ] [0.1701699  0.0733049  0.25928327 0.3059152  0.02496395 0.10205312
 0.01065851 0.05365113] [0.9033341  0.00888838 0.0184329  0.02404822 0.01322957 0.00872816
 0.00972763 0.01361105] [0.94668347 0.00486326 0.00995537 0.01090132 0.0066064  0.00447801
 0.00712133 0.00939085] [0.9713989  0.00220918 0.00442981 0.00451375 0.0036648  0.0021882
 0.00471979 0.00687555] [0.7010649  0.04375553 0.06197175 0.07640436 0.03350319 0.01910109
 0.02752266 0.03667653] [0.9730517  0.00218371 0.0044704  0.00421102 0.00350156 0.00218752
 0.00443607 0.00595799] [0.95224833 0.00378648 0.00736314 0.00894259 0.00663445 0.00367012
 0.00681758 0.0105373 ] [0.83805686 0.01907727 0.02524304 0.0412069  0.02078659 0.01660486
 0.01706271 0.02196175] [0.8344536  0.02043105 0.03356857 0.0381461  0.01786763 0.01486935
 0.0195308  0.02113294] [0.8531771  0.01631451 0.02002304 0.04456348 0.0172302  0.01637555
 0.01322406 0.0190921 ] [0.9549524  0.00371693 0.01028307 0.00756736 0.00606076 0.00397821
 0.00581665 0.00762458] [0.00317345 0.02285491 0.8250958  0.07683399 0.00157051 0.04006475
 0.00094545 0.02946117] [0.91416013 0.00800409 0.01487891 0.02357735 0.01133086 0.00591341
 0.00915625 0.01297899] [0.9790889  0.00128185 0.00246451 0.00338965 0.00301387 0.00183217
 0.00329809 0.00563098] [3.4875382e-04 2.1969345e-03 9.8471493e-01 3.0512980e-03 1.5006188e-04
 2.2922878e-03 1.4767806e-04 7.0980820e-03] [0.95987487 0.00339478 0.00714429 0.00673615 0.0047298  0.00323267
 0.00594658 0.00894085] [0.9163781  0.00750629 0.01552369 0.01751469 0.01343352 0.00986345
 0.00884888 0.01093142] [0.86720073 0.01457237 0.02287327 0.03405814 0.01921111 0.01189441
 0.014168   0.01602197] [0.8992597  0.00960376 0.019772   0.02465397 0.01456201 0.00723524
 0.01141924 0.01349408] [0.88085264 0.0110015  0.01855455 0.03204321 0.01809679 0.01393117
 0.0102462  0.01527393] [0.9820741  0.00109116 0.00217469 0.00174643 0.00235973 0.00183799
 0.00279085 0.00592507] [0.9339253  0.00585458 0.01531725 0.01244145 0.00963431 0.0066212
 0.00715899 0.00904694] [0.93708676 0.00676019 0.01237587 0.00914075 0.00750793 0.00495569
 0.00878977 0.01338303] [0.7770452  0.03376069 0.04554335 0.04807692 0.02443529 0.01669719
 0.02686203 0.02757937] [0.8490369  0.01376206 0.02267231 0.04412404 0.02354198 0.01801884
 0.0113743  0.01746958] [9.8490179e-01 8.1446971e-04 1.9236363e-03 1.3752521e-03 1.7653202e-03
 1.6489674e-03 2.3060746e-03 5.2644880e-03] [9.8607683e-01 8.2512660e-04 1.5539089e-03 1.2686917e-03 1.8238636e-03
 1.7570903e-03 1.6349907e-03 5.0595044e-03] [0.9814219  0.00135419 0.00274079 0.00262063 0.00266641 0.00125977
 0.00335113 0.00458516] [0.882927   0.01306322 0.0243104  0.02183816 0.01851131 0.00920987
 0.01295639 0.01718363] [0.73650795 0.03333334 0.06385837 0.05787546 0.03534799 0.01982601
 0.02144383 0.03180708] [0.8935479  0.01111594 0.01692187 0.02699259 0.01212302 0.0104293
 0.01226797 0.01660144] [0.9608294  0.00307049 0.00603799 0.00870416 0.00585872 0.00287787
 0.00533616 0.00728525] [0.01274908 0.02925193 0.8066637  0.06872755 0.00510421 0.03610333
 0.00227553 0.03912465] [0.98096454 0.00137235 0.00271227 0.00246431 0.00260355 0.0013857
 0.00362208 0.00487522] [0.97543615 0.00176879 0.00315236 0.00241815 0.0027557  0.00232852
 0.0042985  0.00784181] [9.8758155e-01 6.3358096e-04 1.3539277e-03 1.0564449e-03 1.7152928e-03
 1.2404647e-03 2.3226533e-03 4.0961080e-03] [0.9782111  0.00145081 0.00330224 0.00280242 0.0025506  0.00220912
