dataset_id,fold,checkpoint,sparsity,features,features_added,accuracy,roc_auc_score,prediction_probas,ground_truth
188,0,random_forest,0.25,14,0,0.722972972972973,0.9343329197167751,[0. 0. 0. 0. 1.] [0.19 0.   0.02 0.48 0.31] [0.02 0.44 0.54 0.   0.  ] [0.62 0.03 0.1  0.22 0.03] [0.5  0.04 0.43 0.01 0.02] [0. 0. 0. 0. 1.] [0.01 0.   0.   0.   0.99] [0.48 0.04 0.08 0.34 0.06] [0.5  0.03 0.41 0.04 0.02] [0.52 0.   0.07 0.3  0.11] [0.4  0.28 0.24 0.04 0.04] [0.2  0.25 0.54 0.   0.01] [0.13 0.3  0.56 0.01 0.  ] [0.21 0.21 0.52 0.06 0.  ] [0.12 0.15 0.66 0.01 0.06] [0.16 0.01 0.04 0.64 0.15] [0.06 0.39 0.55 0.   0.  ] [0.13 0.06 0.78 0.02 0.01] [0.31 0.1  0.58 0.01 0.  ] [0.07 0.73 0.18 0.02 0.  ] [0.   0.   0.   0.04 0.96] [0.06 0.11 0.44 0.02 0.37] [0.48 0.04 0.48 0.   0.  ] [0.04 0.28 0.68 0.   0.  ] [0.38 0.03 0.04 0.5  0.05] [0. 0. 0. 0. 1.] [0.33 0.02 0.15 0.09 0.41] [0.19 0.02 0.15 0.26 0.38] [0.02 0.14 0.82 0.02 0.  ] [0.02 0.73 0.25 0.   0.  ] [0.08 0.   0.   0.24 0.68] [0.  0.8 0.2 0.  0. ] [0.06 0.   0.02 0.34 0.58] [0.18 0.31 0.39 0.06 0.06] [0.   0.   0.   0.04 0.96] [0.6  0.   0.13 0.14 0.13] [0. 0. 0. 0. 1.] [0.04 0.4  0.55 0.01 0.  ] [0.06 0.39 0.54 0.   0.01] [0.29 0.03 0.02 0.58 0.08] [0.1  0.32 0.55 0.03 0.  ] [0.46 0.17 0.21 0.12 0.04] [0.34 0.   0.05 0.39 0.22] [0.58 0.04 0.19 0.14 0.05] [0. 0. 0. 0. 1.] [0.29 0.38 0.26 0.06 0.01] [0.52 0.04 0.02 0.28 0.14] [0.46 0.01 0.49 0.03 0.01] [0.07 0.   0.05 0.04 0.84] [0.64 0.01 0.13 0.17 0.05] [0.44 0.04 0.45 0.01 0.06] [0.28 0.21 0.35 0.14 0.02] [0.31 0.12 0.39 0.08 0.1 ] [0.01 0.74 0.25 0.   0.  ] [0.26 0.25 0.46 0.02 0.01] [0. 0. 0. 0. 1.] [0.1  0.01 0.02 0.58 0.29] [0.05 0.   0.02 0.62 0.31] [0.44 0.02 0.32 0.06 0.16] [0.73 0.02 0.14 0.03 0.08] [0.01 0.   0.02 0.   0.97] [0.71 0.04 0.24 0.01 0.  ] [0.03 0.   0.   0.17 0.8 ] [0.   0.   0.   0.14 0.86] [0.   0.   0.   0.26 0.74] [0.22 0.26 0.42 0.08 0.02] [0.04 0.   0.01 0.2  0.75] [0.15 0.16 0.68 0.   0.01] [0.11 0.16 0.71 0.   0.02] [0.14 0.   0.01 0.4  0.45] [0. 0. 0. 0. 1.] [0.32 0.06 0.07 0.39 0.16] [0.34 0.03 0.2  0.25 0.18] [0.06 0.43 0.5  0.01 0.  ] [0.02 0.24 0.74 0.   0.  ] [0.3  0.05 0.35 0.22 0.08] [0.03 0.32 0.64 0.   0.01] [0.01 0.   0.   0.   0.99] [0.15 0.02 0.8  0.01 0.02] [0.42 0.04 0.48 0.05 0.01] [0.16 0.29 0.52 0.01 0.02] [0.11 0.   0.06 0.8  0.03] [0. 0. 0. 0. 1.] [0.23 0.04 0.1  0.36 0.27] [0.09 0.3  0.6  0.   0.01] [0.5  0.03 0.14 0.26 0.07] [0.46 0.11 0.21 0.14 0.08] [0.28 0.01 0.05 0.48 0.18] [0.01 0.82 0.17 0.   0.  ] [0.05 0.48 0.46 0.01 0.  ] [0.24 0.   0.02 0.26 0.48] [0.41 0.16 0.27 0.13 0.03] [0.09 0.28 0.53 0.07 0.03] [0.08 0.58 0.34 0.   0.  ] [0.02 0.68 0.3  0.   0.  ] [0.01 0.   0.01 0.   0.98] [0.02 0.24 0.74 0.   0.  ] [0.29 0.19 0.37 0.05 0.1 ] [0.07 0.   0.   0.32 0.61] [0.35 0.07 0.19 0.21 0.18] [0.56 0.04 0.1  0.26 0.04] [0.04 0.52 0.43 0.01 0.  ] [0.1  0.18 0.67 0.03 0.02] [0.05 0.4  0.54 0.01 0.  ] [0.01 0.   0.02 0.   0.97] [0.38 0.01 0.26 0.16 0.19] [0.   0.   0.   0.05 0.95] [0.1  0.   0.03 0.65 0.22] [0.21 0.15 0.62 0.   0.02] [0.4  0.19 0.36 0.04 0.01] [0.32 0.   0.02 0.52 0.14] [0.11 0.   0.   0.44 0.45] [0.17 0.02 0.19 0.3  0.32] [0.52 0.02 0.17 0.24 0.05] [0.08 0.54 0.38 0.   0.  ] [0.01 0.   0.   0.19 0.8 ] [0. 0. 0. 0. 1.] [0.51 0.07 0.22 0.15 0.05] [0.59 0.14 0.18 0.03 0.06] [0.52 0.07 0.32 0.04 0.05] [0.28 0.01 0.18 0.46 0.07] [0.52 0.03 0.16 0.28 0.01] [0.01 0.   0.   0.1  0.89] [0.58 0.03 0.37 0.01 0.01] [0.28 0.09 0.4  0.21 0.02] [0.39 0.01 0.06 0.5  0.04] [0.03 0.2  0.77 0.   0.  ] [0.25 0.26 0.44 0.04 0.01] [0.44 0.08 0.35 0.07 0.06] [0.   0.   0.   0.05 0.95] [0.11 0.44 0.39 0.06 0.  ] [0.19 0.25 0.56 0.   0.  ] [0.49 0.05 0.45 0.01 0.  ] [0.35 0.15 0.48 0.02 0.  ] [0.25 0.05 0.12 0.4  0.18] [0.43 0.03 0.2  0.24 0.1 ] [0.22 0.11 0.65 0.01 0.01] [0.23 0.07 0.15 0.17 0.38] [0.58 0.06 0.13 0.17 0.06] [0.03 0.21 0.76 0.   0.  ] [0.16 0.   0.01 0.64 0.19] [0.25 0.03 0.19 0.44 0.09] [0.66 0.04 0.17 0.09 0.04] [0.35 0.19 0.43 0.02 0.01] [0.51 0.01 0.04 0.4  0.04] [0. 0. 0. 0. 1.] [0.1  0.08 0.09 0.52 0.21] [0.39 0.07 0.22 0.19 0.13],4 3 2 0 2 4 4 0 2 3 2 1 1 2 2 4 2 2 2 1 4 4 2 2 3 4 3 3 1 1 4 1 3 2 4 0 4 1 2 3 2 2 3 0 4 1 0 2 4 0 2 1 2 1 2 4 4 3 0 0 4 2 4 4 4 1 4 2 2 3 4 0 2 2 2 2 2 4 2 0 2 3 4 4 2 3 0 0 1 1 4 2 2 1 1 4 2 2 4 0 0 1 2 2 4 0 4 3 2 1 3 4 3 0 1 4 4 0 0 2 3 3 4 0 3 3 2 2 0 4 1 1 0 2 4 0 0 3 2 2 4 0 0 1 0 4 3 3
188,1,random_forest,0.25,14,0,0.6394557823129252,0.8889156377906,[0.12 0.24 0.61 0.02 0.01] [0.28 0.05 0.17 0.29 0.21] [0.02 0.49 0.49 0.   0.  ] [0.23 0.09 0.53 0.13 0.02] [0. 0. 0. 0. 1.] [0.02 0.35 0.6  0.01 0.02] [0.09 0.36 0.49 0.04 0.02] [0.38 0.1  0.12 0.21 0.19] [0.32 0.03 0.12 0.35 0.18] [0.   0.08 0.92 0.   0.  ] [0.01 0.01 0.02 0.41 0.55] [0.35 0.16 0.28 0.18 0.03] [0.35 0.02 0.61 0.01 0.01] [0.08 0.05 0.86 0.01 0.  ] [0.18 0.22 0.54 0.05 0.01] [0.13 0.   0.03 0.47 0.37] [0.47 0.01 0.18 0.28 0.06] [0.01 0.   0.   0.08 0.91] [0. 0. 0. 0. 1.] [0.05 0.45 0.46 0.04 0.  ] [0.22 0.14 0.58 0.02 0.04] [0.01 0.12 0.87 0.   0.  ] [0.19 0.04 0.17 0.3  0.3 ] [0.03 0.18 0.78 0.   0.01] [0.28 0.03 0.44 0.2  0.05] [0.12 0.05 0.12 0.65 0.06] [0.22 0.08 0.61 0.08 0.01] [0.21 0.02 0.15 0.33 0.29] [0.33 0.19 0.29 0.16 0.03] [0.18 0.08 0.49 0.21 0.04] [0.03 0.01 0.   0.19 0.77] [0.34 0.19 0.41 0.06 0.  ] [0.05 0.   0.04 0.09 0.82] [0.04 0.   0.03 0.28 0.65] [0.48 0.03 0.44 0.03 0.02] [0.46 0.   0.3  0.18 0.06] [0.22 0.35 0.42 0.01 0.  ] [0.23 0.02 0.12 0.24 0.39] [0.2  0.   0.02 0.17 0.61] [0.08 0.01 0.02 0.1  0.79] [0.29 0.05 0.59 0.01 0.06] [0.03 0.   0.   0.62 0.35] [0. 0. 0. 0. 1.] [0.42 0.03 0.09 0.31 0.15] [0.17 0.25 0.54 0.02 0.02] [0.1  0.13 0.76 0.   0.01] [0.13 0.   0.07 0.42 0.38] [0.06 0.   0.02 0.23 0.69] [0.21 0.03 0.13 0.59 0.04] [0.25 0.19 0.45 0.05 0.06] [0.01 0.   0.   0.45 0.54] [0.06 0.33 0.61 0.   0.  ] [0.11 0.07 0.68 0.14 0.  ] [0.11 0.41 0.47 0.   0.01] [0.05 0.77 0.17 0.   0.01] [0.1  0.   0.05 0.33 0.52] [0.11 0.28 0.59 0.01 0.01] [0.07 0.09 0.84 0.   0.  ] [0.23 0.02 0.24 0.34 0.17] [0.   0.   0.   0.03 0.97] [0.01 0.14 0.84 0.01 0.  ] [0.32 0.13 0.38 0.04 0.13] [0.14 0.   0.06 0.39 0.41] [0.09 0.36 0.34 0.19 0.02] [0.   0.92 0.08 0.   0.  ] [0.03 0.27 0.68 0.01 0.01] [0.12 0.   0.02 0.44 0.42] [0.   0.94 0.06 0.   0.  ] [0.19 0.13 0.61 0.07 0.  ] [0.37 0.   0.   0.54 0.09] [0.08 0.24 0.6  0.03 0.05] [0.16 0.   0.03 0.61 0.2 ] [0.19 0.15 0.63 0.02 0.01] [0.   0.57 0.42 0.01 0.  ] [0.24 0.18 0.57 0.   0.01] [0. 0. 0. 0. 1.] [0.1  0.04 0.04 0.75 0.07] [0.38 0.11 0.4  0.07 0.04] [0.21 0.07 0.54 0.15 0.03] [0.08 0.18 0.73 0.01 0.  ] [0.01 0.   0.   0.   0.99] [0.   0.   0.01 0.   0.99] [0.3  0.02 0.02 0.63 0.03] [0.03 0.32 0.62 0.02 0.01] [0.19 0.1  0.17 0.53 0.01] [0.32 0.09 0.32 0.19 0.08] [0.17 0.03 0.05 0.4  0.35] [0.34 0.04 0.22 0.28 0.12] [0.22 0.27 0.43 0.08 0.  ] [0.   0.   0.01 0.   0.99] [0.01 0.79 0.18 0.02 0.  ] [0.51 0.   0.25 0.23 0.01] [0.13 0.15 0.62 0.07 0.03] [0.2  0.06 0.17 0.49 0.08] [0.01 0.   0.01 0.03 0.95] [0.03 0.   0.02 0.16 0.79] [0.02 0.   0.01 0.35 0.62] [0.01 0.6  0.39 0.   0.  ] [0.01 0.   0.01 0.   0.98] [0.05 0.29 0.65 0.01 0.  ] [0.42 0.15 0.24 0.1  0.09] [0.   0.   0.01 0.   0.99] [0.13 0.   0.02 0.69 0.16] [0.02 0.18 0.8  0.   0.  ] [0.65 0.04 0.18 0.13 0.  ] [0.45 0.11 0.39 0.05 0.  ] [0. 0. 0. 0. 1.] [0.09 0.5  0.4  0.01 0.  ] [0.02 0.21 0.76 0.   0.01] [0.04 0.   0.03 0.62 0.31] [0.04 0.18 0.76 0.01 0.01] [0.   0.   0.01 0.   0.99] [0.27 0.05 0.28 0.31 0.09] [0.48 0.15 0.28 0.09 0.  ] [0.36 0.17 0.31 0.09 0.07] [0.04 0.   0.04 0.54 0.38] [0.22 0.07 0.67 0.02 0.02] [0. 0. 0. 0. 1.] [0.06 0.   0.02 0.34 0.58] [0.19 0.01 0.03 0.08 0.69] [0.13 0.04 0.11 0.54 0.18] [0.16 0.   0.11 0.06 0.67] [0.26 0.21 0.42 0.09 0.02] [0.68 0.02 0.12 0.15 0.03] [0.05 0.19 0.73 0.01 0.02] [0.05 0.5  0.45 0.   0.  ] [0.45 0.03 0.4  0.12 0.  ] [0.11 0.39 0.48 0.   0.02] [0.28 0.01 0.16 0.19 0.36] [0.14 0.4  0.41 0.05 0.  ] [0.24 0.05 0.27 0.37 0.07] [0.29 0.01 0.11 0.46 0.13] [0.05 0.   0.   0.26 0.69] [0.06 0.41 0.5  0.02 0.01] [0.24 0.02 0.65 0.05 0.04] [0.43 0.05 0.22 0.29 0.01] [0.09 0.42 0.45 0.02 0.02] [0.23 0.   0.02 0.39 0.36] [0.02 0.53 0.44 0.01 0.  ] [0.1  0.42 0.39 0.08 0.01] [0.55 0.06 0.19 0.18 0.02] [0.03 0.09 0.87 0.   0.01] [0.   0.   0.01 0.   0.99] [0.08 0.12 0.72 0.02 0.06] [0.35 0.07 0.38 0.17 0.03] [0.2  0.07 0.73 0.   0.  ] [0.01 0.38 0.61 0.   0.  ],2 3 1 2 4 2 2 3 3 2 4 1 0 1 1 4 2 4 4 2 2 1 4 1 2 3 0 0 2 2 4 2 4 4 2 2 2 4 4 4 0 3 4 3 0 2 3 4 3 1 3 1 2 2 2 3 2 2 0 4 2 0 3 1 1 2 3 1 2 3 2 3 0 2 0 4 4 0 0 0 4 4 3 2 3 2 3 2 1 4 1 0 0 0 4 4 4 1 4 2 2 4 3 2 0 2 4 1 2 3 1 4 0 1 0 3 2 4 4 4 3 4 2 4 2 1 0 2 4 0 2 0 4 1 0 0 2 4 1 0 0 2 4 0 2 2 1
188,2,random_forest,0.25,14,0,0.7210884353741497,0.9316794693002788,[0.   0.75 0.24 0.01 0.  ] [0.01 0.4  0.59 0.   0.  ] [0. 0. 0. 0. 1.] [0.32 0.09 0.55 0.01 0.03] [0.28 0.14 0.55 0.02 0.01] [0.27 0.19 0.53 0.   0.01] [0.09 0.15 0.04 0.02 0.7 ] [0.07 0.24 0.65 0.03 0.01] [0.31 0.23 0.42 0.03 0.01] [0.06 0.03 0.06 0.73 0.12] [0.08 0.44 0.21 0.18 0.09] [0.49 0.13 0.37 0.   0.01] [0.09 0.01 0.04 0.44 0.42] [0.03 0.5  0.43 0.02 0.02] [0. 0. 0. 0. 1.] [0.19 0.   0.02 0.56 0.23] [0.03 0.08 0.88 0.01 0.  ] [0.47 0.05 0.31 0.12 0.05] [0.58 0.05 0.11 0.18 0.08] [0.06 0.48 0.45 0.   0.01] [0.44 0.06 0.04 0.28 0.18] [0.39 0.   0.08 0.4  0.13] [0.44 0.   0.03 0.36 0.17] [0.34 0.06 0.57 0.01 0.02] [0.07 0.71 0.17 0.04 0.01] [0.28 0.07 0.46 0.16 0.03] [0.07 0.28 0.6  0.03 0.02] [0.03 0.46 0.5  0.01 0.  ] [0. 0. 0. 0. 1.] [0.   0.63 0.33 0.03 0.01] [0.18 0.03 0.1  0.59 0.1 ] [0. 0. 0. 0. 1.] [0.02 0.5  0.48 0.   0.  ] [0.14 0.18 0.63 0.01 0.04] [0.03 0.73 0.24 0.   0.  ] [0.36 0.05 0.58 0.   0.01] [0.09 0.37 0.54 0.   0.  ] [0.51 0.02 0.18 0.25 0.04] [0. 0. 0. 0. 1.] [0.   0.   0.   0.06 0.94] [0.   0.89 0.11 0.   0.  ] [0.03 0.26 0.71 0.   0.  ] [0.04 0.1  0.85 0.   0.01] [0.01 0.   0.   0.   0.99] [0.58 0.06 0.21 0.14 0.01] [0.04 0.   0.02 0.13 0.81] [0.12 0.22 0.66 0.   0.  ] [0.34 0.14 0.38 0.12 0.02] [0.1  0.09 0.78 0.02 0.01] [0.01 0.   0.   0.16 0.83] [0.31 0.04 0.3  0.27 0.08] [0.02 0.   0.   0.07 0.91] [0.26 0.15 0.51 0.07 0.01] [0.28 0.19 0.42 0.09 0.02] [0.34 0.09 0.55 0.   0.02] [0.14 0.   0.06 0.18 0.62] [0.24 0.23 0.49 0.02 0.02] [0.   0.   0.01 0.   0.99] [0.11 0.38 0.46 0.01 0.04] [0.18 0.33 0.36 0.12 0.01] [0.29 0.01 0.07 0.43 0.2 ] [0.14 0.23 0.58 0.04 0.01] [0.21 0.01 0.08 0.59 0.11] [0.12 0.21 0.67 0.   0.  ] [0.29 0.02 0.13 0.34 0.22] [0.15 0.11 0.71 0.01 0.02] [0.3  0.13 0.38 0.17 0.02] [0.28 0.02 0.15 0.51 0.04] [0.38 0.04 0.32 0.2  0.06] [0.15 0.   0.01 0.24 0.6 ] [0.03 0.   0.01 0.19 0.77] [0.01 0.   0.   0.   0.99] [0.06 0.   0.06 0.14 0.74] [0.06 0.   0.   0.43 0.51] [0.13 0.32 0.51 0.03 0.01] [0.   0.84 0.16 0.   0.  ] [0.1  0.07 0.16 0.54 0.13] [0.08 0.06 0.4  0.42 0.04] [0.07 0.4  0.53 0.   0.  ] [0.09 0.   0.06 0.59 0.26] [0.   0.   0.01 0.   0.99] [0.   0.   0.   0.09 0.91] [0.22 0.01 0.13 0.43 0.21] [0.11 0.26 0.53 0.04 0.06] [0.11 0.29 0.54 0.03 0.03] [0.06 0.45 0.49 0.   0.  ] [0.11 0.01 0.01 0.52 0.35] [0.09 0.   0.03 0.51 0.37] [0.04 0.6  0.35 0.01 0.  ] [0.1  0.66 0.19 0.04 0.01] [0.17 0.12 0.6  0.06 0.05] [0.04 0.34 0.61 0.   0.01] [0.17 0.07 0.1  0.6  0.06] [0.12 0.02 0.08 0.04 0.74] [0.43 0.19 0.25 0.12 0.01] [0.02 0.   0.   0.22 0.76] [0.06 0.34 0.55 0.04 0.01] [0.02 0.79 0.19 0.   0.  ] [0.29 0.21 0.17 0.26 0.07] [0.19 0.02 0.07 0.53 0.19] [0.03 0.04 0.02 0.64 0.27] [0.   0.   0.01 0.   0.99] [0.   0.   0.   0.07 0.93] [0.32 0.   0.05 0.6  0.03] [0.11 0.45 0.43 0.01 0.  ] [0.6  0.02 0.31 0.07 0.  ] [0.01 0.93 0.06 0.   0.  ] [0.35 0.01 0.06 0.4  0.18] [0.07 0.55 0.37 0.01 0.  ] [0.02 0.   0.03 0.16 0.79] [0.21 0.1  0.62 0.06 0.01] [0.12 0.07 0.76 0.   0.05] [0.08 0.   0.02 0.37 0.53] [0.1  0.5  0.38 0.01 0.01] [0.14 0.27 0.54 0.02 0.03] [0.19 0.01 0.08 0.31 0.41] [0.15 0.38 0.46 0.   0.01] [0.61 0.04 0.1  0.23 0.02] [0.22 0.25 0.48 0.02 0.03] [0.03 0.   0.01 0.2  0.76] [0.39 0.01 0.17 0.34 0.09] [0.52 0.02 0.17 0.28 0.01] [0.32 0.07 0.42 0.14 0.05] [0.28 0.02 0.18 0.36 0.16] [0.11 0.31 0.58 0.   0.  ] [0.06 0.28 0.66 0.   0.  ] [0.01 0.56 0.42 0.   0.01] [0.44 0.06 0.48 0.01 0.01] [0.04 0.59 0.36 0.   0.01] [0.07 0.05 0.1  0.01 0.77] [0.16 0.01 0.04 0.4  0.39] [0.35 0.02 0.12 0.37 0.14] [0.58 0.08 0.3  0.01 0.03] [0. 0. 0. 0. 1.] [0.15 0.   0.05 0.03 0.77] [0.44 0.04 0.29 0.13 0.1 ] [0.14 0.04 0.05 0.05 0.72] [0.23 0.24 0.39 0.11 0.03] [0.38 0.11 0.41 0.05 0.05] [0.27 0.26 0.29 0.17 0.01] [0.46 0.05 0.33 0.13 0.03] [0.13 0.39 0.42 0.05 0.01] [0.09 0.   0.12 0.6  0.19] [0.15 0.06 0.1  0.54 0.15] [0.28 0.01 0.1  0.28 0.33] [0.24 0.06 0.39 0.22 0.09] [0. 0. 0. 0. 1.],1 1 4 2 2 1 4 2 2 3 0 2 4 2 4 3 2 0 0 1 0 3 3 2 1 0 1 2 4 2 3 4 1 0 2 0 1 0 4 4 1 2 2 4 0 4 1 2 2 4 0 4 2 1 2 4 1 4 1 2 3 2 3 2 3 2 0 3 0 3 4 4 4 4 1 1 3 0 2 3 4 4 0 2 2 1 4 3 2 1 2 2 0 4 0 4 2 1 2 3 4 4 4 3 2 0 1 3 2 4 2 2 4 1 2 3 2 0 2 4 0 3 2 3 2 2 2 0 1 4 4 0 0 4 4 0 4 2 0 2 0 2 4 3 3 0 4
188,3,random_forest,0.25,14,0,0.6462585034013606,0.904709182333012,[0.39 0.02 0.1  0.44 0.05] [0.31 0.   0.2  0.4  0.09] [0.4  0.1  0.29 0.18 0.03] [0.36 0.1  0.26 0.16 0.12] [0.2  0.02 0.02 0.2  0.56] [0.   0.   0.   0.22 0.78] [0.32 0.08 0.26 0.25 0.09] [0.05 0.   0.03 0.39 0.53] [0.11 0.12 0.74 0.01 0.02] [0.36 0.05 0.22 0.27 0.1 ] [0. 0. 0. 0. 1.] [0.29 0.13 0.52 0.03 0.03] [0.18 0.05 0.76 0.01 0.  ] [0.02 0.53 0.43 0.01 0.01] [0.08 0.03 0.03 0.06 0.8 ] [0.   0.46 0.52 0.   0.02] [0.1  0.   0.02 0.34 0.54] [0.38 0.03 0.32 0.23 0.04] [0.39 0.04 0.56 0.01 0.  ] [0.07 0.02 0.   0.25 0.66] [0.03 0.05 0.91 0.   0.01] [0.25 0.04 0.28 0.28 0.15] [0.   0.   0.   0.17 0.83] [0.22 0.1  0.66 0.   0.02] [0.28 0.11 0.31 0.03 0.27] [0.32 0.   0.07 0.55 0.06] [0.25 0.18 0.3  0.21 0.06] [0.08 0.31 0.61 0.   0.  ] [0.36 0.09 0.2  0.25 0.1 ] [0.13 0.   0.05 0.37 0.45] [0.41 0.02 0.17 0.32 0.08] [0.19 0.13 0.67 0.01 0.  ] [0. 0. 0. 0. 1.] [0.05 0.01 0.01 0.32 0.61] [0.14 0.   0.08 0.39 0.39] [0.18 0.15 0.61 0.   0.06] [0.05 0.17 0.78 0.   0.  ] [0.08 0.12 0.72 0.02 0.06] [0.09 0.   0.08 0.34 0.49] [0.2  0.25 0.4  0.13 0.02] [0.14 0.09 0.41 0.26 0.1 ] [0.   0.   0.01 0.04 0.95] [0.04 0.42 0.52 0.01 0.01] [0.24 0.11 0.19 0.38 0.08] [0.15 0.34 0.5  0.   0.01] [0.06 0.5  0.43 0.   0.01] [0. 0. 0. 0. 1.] [0.01 0.57 0.42 0.   0.  ] [0.   0.   0.   0.09 0.91] [0.58 0.02 0.12 0.17 0.11] [0.19 0.14 0.59 0.08 0.  ] [0.23 0.07 0.67 0.02 0.01] [0.35 0.04 0.15 0.25 0.21] [0.09 0.17 0.71 0.03 0.  ] [0.53 0.04 0.11 0.27 0.05] [0.04 0.39 0.57 0.   0.  ] [0.02 0.41 0.56 0.01 0.  ] [0.61 0.1  0.11 0.14 0.04] [0.   0.   0.   0.01 0.99] [0.03 0.   0.   0.48 0.49] [0.   0.88 0.12 0.   0.  ] [0.06 0.   0.02 0.76 0.16] [0.12 0.36 0.5  0.02 0.  ] [0.   0.01 0.   0.28 0.71] [0.19 0.02 0.05 0.39 0.35] [0.11 0.4  0.46 0.02 0.01] [0.05 0.52 0.43 0.   0.  ] [0.08 0.   0.02 0.19 0.71] [0.06 0.   0.02 0.43 0.49] [0.35 0.02 0.02 0.17 0.44] [0.37 0.   0.1  0.37 0.16] [0.02 0.   0.03 0.24 0.71] [0.02 0.65 0.33 0.   0.  ] [0.38 0.01 0.14 0.28 0.19] [0.18 0.04 0.07 0.5  0.21] [0.08 0.03 0.07 0.66 0.16] [0.48 0.   0.06 0.18 0.28] [0.22 0.26 0.43 0.07 0.02] [0.12 0.   0.09 0.58 0.21] [0.1  0.24 0.63 0.02 0.01] [0.14 0.   0.01 0.3  0.55] [0.02 0.   0.   0.43 0.55] [0.32 0.04 0.12 0.1  0.42] [0.4  0.08 0.15 0.3  0.07] [0.26 0.06 0.18 0.38 0.12] [0.31 0.3  0.39 0.   0.  ] [0.43 0.04 0.19 0.21 0.13] [0.42 0.09 0.3  0.06 0.13] [0.02 0.3  0.68 0.   0.  ] [0.   0.85 0.14 0.01 0.  ] [0. 0. 0. 0. 1.] [0. 0. 0. 0. 1.] [0.21 0.15 0.5  0.13 0.01] [0.   0.   0.   0.12 0.88] [0.54 0.04 0.38 0.03 0.01] [0.03 0.   0.02 0.09 0.86] [0.08 0.   0.03 0.16 0.73] [0.21 0.1  0.55 0.09 0.05] [0.35 0.1  0.45 0.1  0.  ] [0.15 0.   0.04 0.39 0.42] [0.02 0.15 0.81 0.   0.02] [0.08 0.32 0.57 0.03 0.  ] [0. 0. 0. 0. 1.] [0.24 0.07 0.09 0.26 0.34] [0.42 0.08 0.12 0.35 0.03] [0.52 0.01 0.46 0.01 0.  ] [0.14 0.33 0.47 0.06 0.  ] [0.07 0.33 0.58 0.01 0.01] [0.27 0.23 0.41 0.05 0.04] [0.  0.9 0.1 0.  0. ] [0.2  0.03 0.05 0.49 0.23] [0.38 0.06 0.27 0.24 0.05] [0.33 0.02 0.13 0.41 0.11] [0.05 0.16 0.78 0.01 0.  ] [0.13 0.02 0.21 0.49 0.15] [0.43 0.13 0.31 0.09 0.04] [0.   0.   0.   0.01 0.99] [0.47 0.08 0.1  0.26 0.09] [0.31 0.21 0.42 0.04 0.02] [0.17 0.16 0.6  0.01 0.06] [0.01 0.   0.01 0.08 0.9 ] [0.2  0.33 0.25 0.16 0.06] [0.41 0.06 0.5  0.02 0.01] [0.01 0.42 0.56 0.   0.01] [0.11 0.   0.03 0.12 0.74] [0.55 0.06 0.36 0.03 0.  ] [0.1  0.18 0.72 0.   0.  ] [0.02 0.65 0.33 0.   0.  ] [0.01 0.53 0.46 0.   0.  ] [0.02 0.71 0.27 0.   0.  ] [0.21 0.15 0.52 0.09 0.03] [0.18 0.   0.18 0.34 0.3 ] [0.14 0.29 0.57 0.   0.  ] [0. 0. 0. 0. 1.] [0. 0. 0. 0. 1.] [0.05 0.66 0.29 0.   0.  ] [0.03 0.22 0.74 0.01 0.  ] [0.18 0.19 0.56 0.06 0.01] [0.27 0.07 0.5  0.   0.16] [0.   0.   0.   0.02 0.98] [0.  0.  0.  0.1 0.9] [0.32 0.01 0.16 0.43 0.08] [0.18 0.09 0.73 0.   0.  ] [0.11 0.49 0.38 0.   0.02] [0.36 0.09 0.47 0.05 0.03] [0.09 0.25 0.61 0.   0.05] [0.08 0.35 0.52 0.03 0.02],0 3 0 1 3 3 0 4 2 0 4 0 2 1 4 2 3 2 0 4 2 3 4 2 4 3 2 1 0 3 0 2 4 4 4 2 2 1 4 1 0 4 2 0 2 2 4 2 4 0 2 2 3 2 0 1 1 0 4 3 1 3 1 4 3 0 2 4 4 4 3 4 1 0 3 3 3 2 0 1 4 4 4 0 3 2 3 3 1 1 4 4 2 4 2 4 4 0 2 3 2 2 4 4 0 2 2 1 2 1 3 2 2 2 0 0 4 0 2 2 4 2 0 1 4 2 2 1 2 1 0 0 2 4 4 1 2 1 2 4 4 3 0 2 2 2 1
188,4,random_forest,0.25,14,0,0.6666666666666666,0.9162511061913658,[0.03 0.52 0.45 0.   0.  ] [0.12 0.22 0.53 0.09 0.04] [0.55 0.15 0.15 0.11 0.04] [0.14 0.07 0.12 0.57 0.1 ] [0.01 0.   0.   0.26 0.73] [0.35 0.2  0.37 0.01 0.07] [0.02 0.   0.01 0.62 0.35] [0.41 0.08 0.07 0.26 0.18] [0.03 0.23 0.74 0.   0.  ] [0.26 0.04 0.61 0.06 0.03] [0.37 0.05 0.18 0.33 0.07] [0.21 0.18 0.42 0.1  0.09] [0. 0. 0. 0. 1.] [0.36 0.11 0.51 0.01 0.01] [0.04 0.   0.   0.19 0.77] [0.43 0.   0.06 0.44 0.07] [0.06 0.11 0.82 0.   0.01] [0.04 0.18 0.76 0.02 0.  ] [0.01 0.   0.   0.12 0.87] [0.02 0.   0.   0.26 0.72] [0.   0.   0.   0.02 0.98] [0.54 0.03 0.42 0.   0.01] [0.02 0.37 0.57 0.04 0.  ] [0.09 0.12 0.73 0.05 0.01] [0.36 0.12 0.28 0.18 0.06] [0.17 0.02 0.12 0.64 0.05] [0.09 0.1  0.8  0.   0.01] [0.09 0.   0.02 0.4  0.49] [0.   0.   0.   0.04 0.96] [0.05 0.   0.08 0.05 0.82] [0.3  0.02 0.33 0.33 0.02] [0.01 0.   0.   0.12 0.87] [0.16 0.23 0.58 0.   0.03] [0.35 0.01 0.05 0.47 0.12] [0.27 0.05 0.07 0.58 0.03] [0.26 0.27 0.46 0.   0.01] [0.04 0.08 0.88 0.   0.  ] [0. 0. 0. 0. 1.] [0.15 0.18 0.15 0.47 0.05] [0.11 0.   0.   0.59 0.3 ] [0. 0. 0. 0. 1.] [0. 0. 0. 0. 1.] [0.04 0.68 0.28 0.   0.  ] [0.02 0.93 0.05 0.   0.  ] [0. 0. 0. 0. 1.] [0.35 0.29 0.3  0.03 0.03] [0.06 0.49 0.45 0.   0.  ] [0.01 0.63 0.36 0.   0.  ] [0.04 0.25 0.71 0.   0.  ] [0.9  0.   0.07 0.02 0.01] [0.23 0.09 0.53 0.09 0.06] [0.08 0.12 0.29 0.11 0.4 ] [0.23 0.14 0.58 0.02 0.03] [0.14 0.   0.   0.52 0.34] [0.15 0.61 0.21 0.02 0.01] [0.   0.   0.   0.01 0.99] [0.13 0.15 0.5  0.09 0.13] [0.38 0.11 0.48 0.01 0.02] [0.06 0.28 0.65 0.   0.01] [0.2  0.05 0.43 0.27 0.05] [0.36 0.   0.   0.33 0.31] [0.11 0.12 0.74 0.01 0.02] [0.13 0.03 0.09 0.73 0.02] [0.15 0.   0.01 0.41 0.43] [0.24 0.26 0.49 0.   0.01] [0.26 0.05 0.07 0.24 0.38] [0.   0.79 0.21 0.   0.  ] [0.42 0.04 0.1  0.35 0.09] [0.01 0.   0.01 0.09 0.89] [0.1  0.39 0.5  0.01 0.  ] [0.04 0.78 0.18 0.   0.  ] [0.36 0.17 0.15 0.18 0.14] [0.45 0.01 0.03 0.43 0.08] [0.2  0.08 0.67 0.02 0.03] [0.   0.   0.   0.01 0.99] [0.34 0.02 0.17 0.47 0.  ] [0. 0. 0. 0. 1.] [0. 0. 0. 0. 1.] [0.01 0.   0.02 0.28 0.69] [0.39 0.08 0.44 0.03 0.06] [0.04 0.12 0.84 0.   0.  ] [0.08 0.33 0.59 0.   0.  ] [0.03 0.83 0.14 0.   0.  ] [0.15 0.   0.   0.15 0.7 ] [0.24 0.33 0.39 0.01 0.03] [0.12 0.21 0.57 0.06 0.04] [0.07 0.25 0.67 0.01 0.  ] [0.21 0.17 0.62 0.   0.  ] [0.01 0.2  0.79 0.   0.  ] [0.1  0.   0.04 0.18 0.68] [0.38 0.14 0.36 0.07 0.05] [0.38 0.12 0.25 0.19 0.06] [0. 0. 0. 0. 1.] [0.45 0.06 0.17 0.29 0.03] [0.17 0.19 0.6  0.02 0.02] [0.08 0.   0.   0.39 0.53] [0.22 0.1  0.61 0.04 0.03] [0.36 0.09 0.54 0.   0.01] [0.31 0.04 0.11 0.49 0.05] [0.08 0.   0.08 0.58 0.26] [0.04 0.   0.01 0.16 0.79] [0.   0.57 0.43 0.   0.  ] [0.03 0.   0.03 0.09 0.85] [0.37 0.02 0.06 0.44 0.11] [0.53 0.08 0.36 0.02 0.01] [0.02 0.28 0.7  0.   0.  ] [0.01 0.   0.   0.   0.99] [0.19 0.03 0.05 0.2  0.53] [0.15 0.17 0.67 0.01 0.  ] [0.01 0.   0.   0.   0.99] [0. 0. 0. 0. 1.] [0. 0. 0. 0. 1.] [0.07 0.16 0.73 0.01 0.03] [0. 0. 0. 0. 1.] [0.37 0.01 0.01 0.47 0.14] [0.19 0.21 0.58 0.02 0.  ] [0.03 0.21 0.72 0.02 0.02] [0.1  0.6  0.29 0.01 0.  ] [0.01 0.53 0.46 0.   0.  ] [0.04 0.22 0.74 0.   0.  ] [0.01 0.   0.   0.19 0.8 ] [0.34 0.09 0.27 0.18 0.12] [0.24 0.02 0.05 0.56 0.13] [0.1  0.13 0.73 0.01 0.03] [0.03 0.4  0.57 0.   0.  ] [0.07 0.01 0.08 0.14 0.7 ] [0.22 0.02 0.1  0.23 0.43] [0.36 0.08 0.51 0.05 0.  ] [0.43 0.09 0.43 0.05 0.  ] [0.19 0.07 0.73 0.   0.01] [0.29 0.03 0.02 0.44 0.22] [0.35 0.02 0.16 0.26 0.21] [0.22 0.15 0.56 0.04 0.03] [0.07 0.   0.   0.35 0.58] [0.51 0.02 0.44 0.02 0.01] [0.19 0.09 0.64 0.06 0.02] [0.04 0.   0.   0.13 0.83] [0.41 0.05 0.54 0.   0.  ] [0.39 0.08 0.37 0.15 0.01] [0. 0. 0. 0. 1.] [0.06 0.1  0.84 0.   0.  ] [0.68 0.07 0.1  0.13 0.02] [0.29 0.33 0.21 0.16 0.01] [0.48 0.08 0.11 0.29 0.04] [0.1 0.1 0.8 0.  0. ] [0.02 0.86 0.12 0.   0.  ] [0.48 0.15 0.31 0.03 0.03],1 0 0 3 4 2 4 2 1 2 0 0 4 2 3 3 1 1 4 4 4 0 2 2 0 3 0 4 4 4 3 4 2 0 3 2 2 4 2 3 4 4 1 1 4 0 1 1 2 2 3 4 2 3 1 4 0 2 2 0 3 2 3 3 2 3 1 3 4 1 1 0 3 0 4 0 4 4 3 0 2 1 1 4 2 1 2 2 2 4 2 2 4 0 1 3 2 2 2 3 4 2 4 0 0 2 4 3 1 4 4 4 1 4 0 2 2 1 2 2 4 0 0 2 1 4 4 2 2 2 4 3 2 3 0 2 4 0 0 4 2 0 2 3 2 1 0
188,0,random_forest,0.25,50,50,0.5135135135135135,0.7680784854636885,[0.11 0.05 0.27 0.04 0.53] [0.19 0.05 0.14 0.35 0.27] [0.2  0.14 0.4  0.09 0.17] [0.19 0.14 0.33 0.14 0.2 ] [0.16 0.19 0.35 0.15 0.15] [0.15 0.08 0.31 0.09 0.37] [0.1  0.01 0.12 0.03 0.74] [0.24 0.13 0.3  0.16 0.17] [0.28 0.13 0.37 0.08 0.14] [0.3  0.05 0.17 0.16 0.32] [0.24 0.23 0.28 0.15 0.1 ] [0.17 0.17 0.55 0.03 0.08] [0.12 0.32 0.4  0.08 0.08] [0.19 0.12 0.57 0.07 0.05] [0.09 0.3  0.38 0.14 0.09] [0.18 0.05 0.07 0.38 0.32] [0.14 0.19 0.42 0.07 0.18] [0.21 0.25 0.38 0.01 0.15] [0.14 0.26 0.35 0.04 0.21] [0.21 0.37 0.29 0.03 0.1 ] [0.13 0.07 0.07 0.26 0.47] [0.25 0.1  0.24 0.17 0.24] [0.26 0.08 0.34 0.15 0.17] [0.23 0.11 0.4  0.04 0.22] [0.16 0.16 0.15 0.25 0.28] [0.1  0.11 0.24 0.06 0.49] [0.27 0.09 0.21 0.09 0.34] [0.17 0.09 0.48 0.05 0.21] [0.14 0.28 0.41 0.05 0.12] [0.17 0.16 0.55 0.04 0.08] [0.18 0.   0.03 0.29 0.5 ] [0.09 0.37 0.35 0.08 0.11] [0.34 0.06 0.18 0.18 0.24] [0.25 0.18 0.29 0.15 0.13] [0.24 0.02 0.1  0.23 0.41] [0.24 0.07 0.27 0.06 0.36] [0.1  0.04 0.07 0.08 0.71] [0.14 0.17 0.57 0.05 0.07] [0.22 0.27 0.33 0.12 0.06] [0.11 0.03 0.07 0.28 0.51] [0.18 0.1  0.15 0.33 0.24] [0.13 0.07 0.19 0.18 0.43] [0.15 0.11 0.19 0.1  0.45] [0.2  0.17 0.33 0.18 0.12] [0.04 0.04 0.14 0.05 0.73] [0.21 0.08 0.26 0.3  0.15] [0.18 0.02 0.04 0.24 0.52] [0.22 0.05 0.46 0.18 0.09] [0.16 0.08 0.3  0.15 0.31] [0.22 0.08 0.16 0.28 0.26] [0.26 0.13 0.35 0.1  0.16] [0.25 0.17 0.21 0.21 0.16] [0.2  0.16 0.37 0.14 0.13] [0.1  0.39 0.42 0.06 0.03] [0.2  0.13 0.25 0.24 0.18] [0.1  0.06 0.2  0.07 0.57] [0.27 0.09 0.34 0.13 0.17] [0.1  0.06 0.13 0.36 0.35] [0.22 0.15 0.42 0.06 0.15] [0.21 0.07 0.35 0.13 0.24] [0.11 0.04 0.08 0.14 0.63] [0.28 0.07 0.25 0.14 0.26] [0.13 0.09 0.15 0.29 0.34] [0.2  0.03 0.08 0.22 0.47] [0.15 0.06 0.22 0.23 0.34] [0.18 0.22 0.37 0.14 0.09] [0.25 0.06 0.14 0.24 0.31] [0.19 0.09 0.53 0.02 0.17] [0.21 0.15 0.35 0.1  0.19] [0.26 0.08 0.29 0.15 0.22] [0.09 0.05 0.22 0.02 0.62] [0.19 0.16 0.37 0.17 0.11] [0.17 0.18 0.26 0.18 0.21] [0.28 0.13 0.35 0.1  0.14] [0.26 0.22 0.34 0.06 0.12] [0.2  0.18 0.44 0.07 0.11] [0.13 0.31 0.47 0.06 0.03] [0.06 0.03 0.1  0.07 0.74] [0.07 0.12 0.42 0.14 0.25] [0.2  0.12 0.42 0.1  0.16] [0.18 0.27 0.34 0.07 0.14] [0.14 0.06 0.12 0.36 0.32] [0.08 0.03 0.18 0.06 0.65] [0.3  0.22 0.27 0.05 0.16] [0.16 0.15 0.4  0.18 0.11] [0.14 0.08 0.21 0.37 0.2 ] [0.23 0.1  0.28 0.11 0.28] [0.18 0.08 0.22 0.18 0.34] [0.17 0.19 0.51 0.1  0.03] [0.25 0.2  0.36 0.07 0.12] [0.33 0.07 0.13 0.23 0.24] [0.17 0.17 0.32 0.2  0.14] [0.12 0.13 0.28 0.18 0.29] [0.18 0.45 0.23 0.08 0.06] [0.1  0.34 0.39 0.05 0.12] [0.14 0.08 0.21 0.14 0.43] [0.15 0.26 0.3  0.06 0.23] [0.24 0.19 0.24 0.18 0.15] [0.24 0.06 0.37 0.11 0.22] [0.24 0.11 0.22 0.13 0.3 ] [0.09 0.18 0.25 0.21 0.27] [0.29 0.19 0.2  0.2  0.12] [0.29 0.13 0.31 0.22 0.05] [0.25 0.21 0.4  0.09 0.05] [0.07 0.12 0.24 0.03 0.54] [0.15 0.11 0.33 0.17 0.24] [0.14 0.03 0.08 0.21 0.54] [0.16 0.09 0.32 0.21 0.22] [0.2  0.24 0.33 0.08 0.15] [0.19 0.23 0.28 0.11 0.19] [0.13 0.04 0.19 0.42 0.22] [0.18 0.01 0.11 0.33 0.37] [0.14 0.08 0.42 0.2  0.16] [0.2  0.05 0.24 0.18 0.33] [0.13 0.35 0.34 0.09 0.09] [0.18 0.05 0.16 0.29 0.32] [0.06 0.09 0.15 0.04 0.66] [0.13 0.18 0.32 0.24 0.13] [0.3  0.23 0.33 0.08 0.06] [0.25 0.13 0.36 0.11 0.15] [0.27 0.07 0.27 0.23 0.16] [0.33 0.13 0.29 0.1  0.15] [0.2  0.06 0.08 0.26 0.4 ] [0.26 0.04 0.18 0.28 0.24] [0.19 0.13 0.46 0.16 0.06] [0.22 0.06 0.23 0.26 0.23] [0.16 0.19 0.37 0.1  0.18] [0.19 0.06 0.28 0.15 0.32] [0.18 0.16 0.33 0.07 0.26] [0.17 0.04 0.12 0.27 0.4 ] [0.08 0.15 0.57 0.11 0.09] [0.26 0.18 0.39 0.1  0.07] [0.25 0.14 0.38 0.21 0.02] [0.27 0.04 0.21 0.26 0.22] [0.21 0.05 0.14 0.31 0.29] [0.22 0.1  0.29 0.21 0.18] [0.14 0.15 0.37 0.06 0.28] [0.31 0.16 0.15 0.19 0.19] [0.24 0.1  0.28 0.19 0.19] [0.14 0.17 0.43 0.05 0.21] [0.18 0.04 0.26 0.21 0.31] [0.24 0.09 0.3  0.22 0.15] [0.19 0.16 0.49 0.1  0.06] [0.23 0.2  0.38 0.07 0.12] [0.18 0.18 0.32 0.12 0.2 ] [0.05 0.07 0.18 0.02 0.68] [0.23 0.13 0.21 0.25 0.18] [0.15 0.24 0.44 0.06 0.11],4 3 2 0 2 4 4 0 2 3 2 1 1 2 2 4 2 2 2 1 4 4 2 2 3 4 3 3 1 1 4 1 3 2 4 0 4 1 2 3 2 2 3 0 4 1 0 2 4 0 2 1 2 1 2 4 4 3 0 0 4 2 4 4 4 1 4 2 2 3 4 0 2 2 2 2 2 4 2 0 2 3 4 4 2 3 0 0 1 1 4 2 2 1 1 4 2 2 4 0 0 1 2 2 4 0 4 3 2 1 3 4 3 0 1 4 4 0 0 2 3 3 4 0 3 3 2 2 0 4 1 1 0 2 4 0 0 3 2 2 4 0 0 1 0 4 3 3
188,1,random_forest,0.25,50,50,0.4489795918367347,0.7748801977471563,[0.16 0.19 0.52 0.06 0.07] [0.14 0.1  0.32 0.17 0.27] [0.15 0.34 0.43 0.04 0.04] [0.21 0.14 0.32 0.12 0.21] [0.11 0.05 0.21 0.04 0.59] [0.16 0.28 0.37 0.1  0.09] [0.11 0.2  0.46 0.13 0.1 ] [0.21 0.06 0.16 0.29 0.28] [0.33 0.06 0.31 0.16 0.14] [0.15 0.11 0.32 0.11 0.31] [0.21 0.08 0.17 0.27 0.27] [0.2  0.1  0.22 0.31 0.17] [0.11 0.15 0.57 0.05 0.12] [0.18 0.3  0.42 0.06 0.04] [0.19 0.16 0.31 0.18 0.16] [0.22 0.14 0.14 0.2  0.3 ] [0.19 0.03 0.11 0.18 0.49] [0.23 0.08 0.12 0.32 0.25] [0.03 0.1  0.16 0.04 0.67] [0.25 0.14 0.2  0.25 0.16] [0.13 0.11 0.48 0.09 0.19] [0.22 0.1  0.26 0.17 0.25] [0.11 0.15 0.49 0.06 0.19] [0.07 0.16 0.57 0.08 0.12] [0.12 0.08 0.36 0.15 0.29] [0.14 0.04 0.24 0.41 0.17] [0.19 0.16 0.45 0.03 0.17] [0.23 0.12 0.26 0.19 0.2 ] [0.19 0.18 0.35 0.13 0.15] [0.24 0.14 0.33 0.16 0.13] [0.3  0.08 0.07 0.31 0.24] [0.22 0.1  0.21 0.21 0.26] [0.19 0.06 0.26 0.3  0.19] [0.16 0.03 0.03 0.36 0.42] [0.33 0.08 0.28 0.13 0.18] [0.36 0.08 0.27 0.15 0.14] [0.27 0.17 0.34 0.09 0.13] [0.29 0.04 0.25 0.22 0.2 ] [0.18 0.16 0.23 0.26 0.17] [0.14 0.14 0.16 0.37 0.19] [0.21 0.21 0.38 0.12 0.08] [0.13 0.03 0.17 0.34 0.33] [0.15 0.07 0.14 0.11 0.53] [0.19 0.15 0.12 0.29 0.25] [0.14 0.24 0.39 0.12 0.11] [0.18 0.07 0.53 0.11 0.11] [0.23 0.06 0.21 0.29 0.21] [0.2  0.07 0.2  0.13 0.4 ] [0.06 0.12 0.2  0.32 0.3 ] [0.26 0.11 0.3  0.14 0.19] [0.13 0.02 0.12 0.3  0.43] [0.09 0.22 0.42 0.17 0.1 ] [0.15 0.2  0.29 0.18 0.18] [0.14 0.27 0.28 0.17 0.14] [0.11 0.49 0.33 0.05 0.02] [0.32 0.05 0.21 0.18 0.24] [0.18 0.09 0.49 0.11 0.13] [0.11 0.27 0.47 0.08 0.07] [0.19 0.14 0.26 0.3  0.11] [0.13 0.04 0.11 0.3  0.42] [0.22 0.1  0.4  0.09 0.19] [0.18 0.06 0.48 0.07 0.21] [0.14 0.08 0.1  0.19 0.49] [0.27 0.13 0.27 0.21 0.12] [0.1  0.54 0.27 0.04 0.05] [0.21 0.15 0.21 0.2  0.23] [0.18 0.26 0.32 0.15 0.09] [0.09 0.54 0.3  0.05 0.02] [0.19 0.16 0.51 0.12 0.02] [0.15 0.04 0.25 0.32 0.24] [0.17 0.16 0.5  0.08 0.09] [0.24 0.07 0.17 0.27 0.25] [0.17 0.18 0.36 0.13 0.16] [0.17 0.2  0.42 0.07 0.14] [0.16 0.1  0.62 0.03 0.09] [0.13 0.05 0.21 0.07 0.54] [0.13 0.11 0.31 0.22 0.23] [0.2  0.18 0.36 0.1  0.16] [0.25 0.08 0.37 0.11 0.19] [0.22 0.16 0.47 0.11 0.04] [0.12 0.15 0.37 0.06 0.3 ] [0.15 0.12 0.26 0.02 0.45] [0.22 0.04 0.23 0.22 0.29] [0.13 0.28 0.38 0.11 0.1 ] [0.2  0.1  0.28 0.2  0.22] [0.12 0.05 0.32 0.35 0.16] [0.1  0.1  0.26 0.25 0.29] [0.22 0.19 0.29 0.23 0.07] [0.11 0.36 0.27 0.16 0.1 ] [0.11 0.08 0.11 0.1  0.6 ] [0.13 0.25 0.47 0.08 0.07] [0.21 0.04 0.31 0.18 0.26] [0.21 0.12 0.57 0.08 0.02] [0.17 0.17 0.29 0.26 0.11] [0.04 0.03 0.12 0.05 0.76] [0.17 0.19 0.15 0.27 0.22] [0.18 0.03 0.09 0.43 0.27] [0.11 0.31 0.52 0.03 0.03] [0.05 0.03 0.1  0.03 0.79] [0.2  0.25 0.33 0.09 0.13] [0.32 0.19 0.24 0.13 0.12] [0.07 0.02 0.19 0.09 0.63] [0.14 0.08 0.22 0.36 0.2 ] [0.1  0.26 0.56 0.03 0.05] [0.19 0.04 0.12 0.25 0.4 ] [0.1  0.07 0.25 0.22 0.36] [0.09 0.05 0.11 0.02 0.73] [0.22 0.16 0.5  0.06 0.06] [0.26 0.25 0.3  0.12 0.07] [0.16 0.11 0.27 0.32 0.14] [0.2  0.19 0.35 0.11 0.15] [0.05 0.07 0.23 0.04 0.61] [0.24 0.13 0.33 0.17 0.13] [0.23 0.21 0.39 0.11 0.06] [0.26 0.07 0.19 0.12 0.36] [0.19 0.18 0.32 0.22 0.09] [0.25 0.2  0.35 0.12 0.08] [0.   0.07 0.04 0.02 0.87] [0.17 0.19 0.36 0.11 0.17] [0.12 0.08 0.3  0.19 0.31] [0.25 0.1  0.15 0.24 0.26] [0.19 0.13 0.11 0.19 0.38] [0.3  0.2  0.3  0.08 0.12] [0.4  0.09 0.23 0.13 0.15] [0.09 0.26 0.49 0.09 0.07] [0.1  0.36 0.41 0.08 0.05] [0.21 0.11 0.42 0.08 0.18] [0.2  0.18 0.38 0.13 0.11] [0.25 0.05 0.38 0.12 0.2 ] [0.13 0.29 0.37 0.1  0.11] [0.18 0.24 0.35 0.17 0.06] [0.13 0.17 0.24 0.27 0.19] [0.25 0.04 0.16 0.35 0.2 ] [0.2  0.23 0.46 0.07 0.04] [0.33 0.09 0.32 0.1  0.16] [0.2  0.12 0.33 0.21 0.14] [0.2  0.15 0.49 0.12 0.04] [0.26 0.06 0.2  0.27 0.21] [0.06 0.44 0.39 0.07 0.04] [0.22 0.17 0.21 0.22 0.18] [0.18 0.08 0.3  0.19 0.25] [0.2  0.23 0.23 0.15 0.19] [0.1  0.11 0.18 0.03 0.58] [0.22 0.23 0.38 0.06 0.11] [0.11 0.23 0.37 0.12 0.17] [0.12 0.28 0.38 0.03 0.19] [0.11 0.27 0.35 0.09 0.18],2 3 1 2 4 2 2 3 3 2 4 1 0 1 1 4 2 4 4 2 2 1 4 1 2 3 0 0 2 2 4 2 4 4 2 2 2 4 4 4 0 3 4 3 0 2 3 4 3 1 3 1 2 2 2 3 2 2 0 4 2 0 3 1 1 2 3 1 2 3 2 3 0 2 0 4 4 0 0 0 4 4 3 2 3 2 3 2 1 4 1 0 0 0 4 4 4 1 4 2 2 4 3 2 0 2 4 1 2 3 1 4 0 1 0 3 2 4 4 4 3 4 2 4 2 1 0 2 4 0 2 0 4 1 0 0 2 4 1 0 0 2 4 0 2 2 1
188,2,random_forest,0.25,50,50,0.5306122448979592,0.8115227491662104,[0.21 0.21 0.37 0.14 0.07] [0.15 0.26 0.42 0.11 0.06] [0.11 0.1  0.16 0.04 0.59] [0.13 0.2  0.5  0.12 0.05] [0.18 0.11 0.32 0.17 0.22] [0.17 0.12 0.48 0.09 0.14] [0.16 0.24 0.47 0.06 0.07] [0.18 0.12 0.34 0.21 0.15] [0.28 0.28 0.25 0.13 0.06] [0.14 0.15 0.25 0.32 0.14] [0.13 0.08 0.32 0.33 0.14] [0.26 0.07 0.22 0.09 0.36] [0.14 0.04 0.3  0.25 0.27] [0.29 0.14 0.33 0.12 0.12] [0.08 0.1  0.16 0.02 0.64] [0.33 0.12 0.16 0.12 0.27] [0.12 0.2  0.5  0.12 0.06] [0.18 0.13 0.4  0.09 0.2 ] [0.25 0.07 0.29 0.22 0.17] [0.22 0.25 0.42 0.08 0.03] [0.17 0.14 0.26 0.15 0.28] [0.22 0.09 0.22 0.16 0.31] [0.16 0.02 0.14 0.28 0.4 ] [0.14 0.18 0.5  0.05 0.13] [0.11 0.53 0.23 0.07 0.06] [0.24 0.14 0.34 0.08 0.2 ] [0.2  0.13 0.27 0.15 0.25] [0.17 0.16 0.37 0.18 0.12] [0.1  0.04 0.18 0.16 0.52] [0.12 0.36 0.39 0.09 0.04] [0.22 0.05 0.21 0.29 0.23] [0.07 0.02 0.08 0.06 0.77] [0.12 0.4  0.4  0.05 0.03] [0.21 0.14 0.24 0.24 0.17] [0.15 0.51 0.26 0.04 0.04] [0.31 0.09 0.32 0.13 0.15] [0.21 0.14 0.46 0.09 0.1 ] [0.3  0.05 0.11 0.29 0.25] [0.06 0.03 0.2  0.09 0.62] [0.14 0.   0.09 0.31 0.46] [0.09 0.51 0.23 0.09 0.08] [0.19 0.16 0.57 0.01 0.07] [0.29 0.15 0.4  0.07 0.09] [0.15 0.06 0.32 0.06 0.41] [0.2  0.11 0.28 0.24 0.17] [0.12 0.04 0.11 0.22 0.51] [0.18 0.2  0.29 0.1  0.23] [0.28 0.2  0.34 0.12 0.06] [0.18 0.21 0.39 0.08 0.14] [0.23 0.05 0.12 0.17 0.43] [0.17 0.15 0.4  0.2  0.08] [0.24 0.03 0.1  0.19 0.44] [0.21 0.16 0.32 0.11 0.2 ] [0.24 0.21 0.31 0.13 0.11] [0.17 0.17 0.34 0.06 0.26] [0.17 0.08 0.27 0.19 0.29] [0.14 0.16 0.44 0.05 0.21] [0.13 0.02 0.19 0.07 0.59] [0.12 0.3  0.44 0.1  0.04] [0.12 0.36 0.32 0.11 0.09] [0.17 0.08 0.39 0.15 0.21] [0.24 0.14 0.36 0.16 0.1 ] [0.16 0.1  0.31 0.24 0.19] [0.21 0.08 0.38 0.17 0.16] [0.17 0.09 0.19 0.27 0.28] [0.25 0.15 0.33 0.19 0.08] [0.26 0.06 0.15 0.21 0.32] [0.24 0.1  0.26 0.2  0.2 ] [0.2  0.03 0.26 0.21 0.3 ] [0.1  0.04 0.08 0.27 0.51] [0.23 0.08 0.2  0.16 0.33] [0.12 0.05 0.1  0.03 0.7 ] [0.19 0.11 0.16 0.2  0.34] [0.16 0.09 0.21 0.34 0.2 ] [0.23 0.16 0.36 0.12 0.13] [0.12 0.53 0.24 0.06 0.05] [0.23 0.07 0.24 0.27 0.19] [0.18 0.1  0.41 0.07 0.24] [0.15 0.16 0.3  0.19 0.2 ] [0.24 0.06 0.23 0.28 0.19] [0.13 0.19 0.35 0.04 0.29] [0.15 0.04 0.1  0.24 0.47] [0.16 0.11 0.34 0.15 0.24] [0.13 0.17 0.37 0.15 0.18] [0.22 0.21 0.41 0.06 0.1 ] [0.19 0.16 0.47 0.04 0.14] [0.11 0.01 0.05 0.27 0.56] [0.25 0.06 0.27 0.24 0.18] [0.19 0.2  0.46 0.08 0.07] [0.12 0.26 0.42 0.03 0.17] [0.13 0.28 0.48 0.05 0.06] [0.24 0.07 0.28 0.14 0.27] [0.24 0.13 0.29 0.2  0.14] [0.16 0.14 0.3  0.13 0.27] [0.16 0.07 0.25 0.18 0.34] [0.37 0.06 0.14 0.25 0.18] [0.18 0.22 0.41 0.1  0.09] [0.17 0.38 0.32 0.1  0.03] [0.15 0.15 0.27 0.22 0.21] [0.19 0.02 0.13 0.19 0.47] [0.1  0.1  0.11 0.38 0.31] [0.06 0.05 0.21 0.09 0.59] [0.15 0.04 0.16 0.24 0.41] [0.16 0.   0.08 0.37 0.39] [0.2  0.27 0.32 0.11 0.1 ] [0.34 0.14 0.38 0.09 0.05] [0.11 0.39 0.39 0.05 0.06] [0.31 0.01 0.18 0.24 0.26] [0.13 0.1  0.54 0.06 0.17] [0.24 0.03 0.2  0.19 0.34] [0.21 0.13 0.37 0.14 0.15] [0.24 0.15 0.37 0.11 0.13] [0.28 0.09 0.08 0.2  0.35] [0.13 0.33 0.37 0.09 0.08] [0.19 0.09 0.35 0.1  0.27] [0.25 0.09 0.18 0.26 0.22] [0.15 0.18 0.47 0.05 0.15] [0.21 0.09 0.28 0.14 0.28] [0.17 0.19 0.18 0.33 0.13] [0.11 0.06 0.08 0.38 0.37] [0.32 0.05 0.17 0.17 0.29] [0.17 0.14 0.22 0.25 0.22] [0.17 0.06 0.31 0.15 0.31] [0.2  0.04 0.2  0.17 0.39] [0.2  0.2  0.35 0.09 0.16] [0.18 0.17 0.44 0.07 0.14] [0.21 0.34 0.33 0.07 0.05] [0.24 0.12 0.46 0.08 0.1 ] [0.15 0.33 0.34 0.16 0.02] [0.21 0.14 0.37 0.1  0.18] [0.25 0.07 0.12 0.25 0.31] [0.16 0.17 0.17 0.27 0.23] [0.24 0.2  0.45 0.04 0.07] [0.06 0.01 0.08 0.11 0.74] [0.26 0.22 0.34 0.08 0.1 ] [0.24 0.17 0.23 0.16 0.2 ] [0.34 0.22 0.23 0.08 0.13] [0.23 0.07 0.32 0.22 0.16] [0.3  0.12 0.25 0.09 0.24] [0.19 0.17 0.25 0.17 0.22] [0.3  0.14 0.29 0.17 0.1 ] [0.2  0.4  0.28 0.07 0.05] [0.23 0.14 0.35 0.13 0.15] [0.12 0.03 0.2  0.35 0.3 ] [0.2  0.14 0.36 0.15 0.15] [0.21 0.22 0.33 0.05 0.19] [0.08 0.09 0.17 0.09 0.57],1 1 4 2 2 1 4 2 2 3 0 2 4 2 4 3 2 0 0 1 0 3 3 2 1 0 1 2 4 2 3 4 1 0 2 0 1 0 4 4 1 2 2 4 0 4 1 2 2 4 0 4 2 1 2 4 1 4 1 2 3 2 3 2 3 2 0 3 0 3 4 4 4 4 1 1 3 0 2 3 4 4 0 2 2 1 4 3 2 1 2 2 0 4 0 4 2 1 2 3 4 4 4 3 2 0 1 3 2 4 2 2 4 1 2 3 2 0 2 4 0 3 2 3 2 2 2 0 1 4 4 0 0 4 4 0 4 2 0 2 0 2 4 3 3 0 4
188,3,random_forest,0.25,50,50,0.46938775510204084,0.7736168833571431,[0.24 0.17 0.29 0.17 0.13] [0.23 0.07 0.34 0.13 0.23] [0.13 0.5  0.3  0.03 0.04] [0.24 0.17 0.32 0.1  0.17] [0.23 0.14 0.41 0.17 0.05] [0.25 0.09 0.24 0.14 0.28] [0.16 0.08 0.32 0.19 0.25] [0.17 0.02 0.1  0.33 0.38] [0.22 0.16 0.39 0.12 0.11] [0.26 0.13 0.3  0.17 0.14] [0.14 0.03 0.16 0.07 0.6 ] [0.26 0.05 0.18 0.27 0.24] [0.15 0.12 0.55 0.07 0.11] [0.24 0.23 0.37 0.04 0.12] [0.21 0.17 0.35 0.09 0.18] [0.11 0.39 0.41 0.05 0.04] [0.21 0.12 0.21 0.16 0.3 ] [0.25 0.23 0.32 0.07 0.13] [0.28 0.12 0.27 0.14 0.19] [0.19 0.12 0.19 0.33 0.17] [0.22 0.25 0.35 0.09 0.09] [0.25 0.12 0.44 0.08 0.11] [0.26 0.05 0.16 0.13 0.4 ] [0.17 0.17 0.5  0.07 0.09] [0.28 0.08 0.24 0.19 0.21] [0.25 0.08 0.2  0.31 0.16] [0.38 0.04 0.26 0.22 0.1 ] [0.17 0.19 0.28 0.13 0.23] [0.16 0.09 0.13 0.26 0.36] [0.22 0.12 0.42 0.14 0.1 ] [0.2  0.17 0.35 0.12 0.16] [0.33 0.1  0.26 0.14 0.17] [0.04 0.05 0.13 0.05 0.73] [0.17 0.06 0.13 0.37 0.27] [0.21 0.02 0.17 0.22 0.38] [0.28 0.14 0.36 0.07 0.15] [0.2  0.14 0.4  0.12 0.14] [0.15 0.16 0.25 0.24 0.2 ] [0.2  0.09 0.28 0.25 0.18] [0.17 0.27 0.33 0.15 0.08] [0.33 0.14 0.29 0.17 0.07] [0.27 0.05 0.14 0.21 0.33] [0.11 0.35 0.36 0.06 0.12] [0.26 0.23 0.18 0.13 0.2 ] [0.24 0.15 0.33 0.12 0.16] [0.25 0.14 0.46 0.02 0.13] [0.11 0.04 0.08 0.07 0.7 ] [0.18 0.26 0.38 0.05 0.13] [0.22 0.08 0.13 0.35 0.22] [0.25 0.09 0.27 0.15 0.24] [0.14 0.15 0.49 0.08 0.14] [0.1  0.2  0.43 0.09 0.18] [0.18 0.09 0.16 0.21 0.36] [0.27 0.08 0.29 0.11 0.25] [0.26 0.06 0.14 0.15 0.39] [0.18 0.17 0.38 0.11 0.16] [0.04 0.51 0.38 0.01 0.06] [0.26 0.11 0.31 0.1  0.22] [0.09 0.09 0.12 0.01 0.69] [0.25 0.04 0.27 0.2  0.24] [0.13 0.37 0.39 0.05 0.06] [0.25 0.16 0.24 0.2  0.15] [0.24 0.16 0.35 0.16 0.09] [0.17 0.01 0.23 0.28 0.31] [0.12 0.21 0.29 0.21 0.17] [0.18 0.2  0.35 0.08 0.19] [0.17 0.34 0.34 0.08 0.07] [0.39 0.01 0.21 0.13 0.26] [0.2  0.05 0.15 0.36 0.24] [0.23 0.05 0.2  0.21 0.31] [0.33 0.06 0.09 0.29 0.23] [0.23 0.04 0.09 0.47 0.17] [0.12 0.21 0.54 0.07 0.06] [0.3  0.21 0.23 0.12 0.14] [0.23 0.11 0.32 0.22 0.12] [0.15 0.08 0.14 0.28 0.35] [0.17 0.11 0.33 0.19 0.2 ] [0.13 0.27 0.52 0.03 0.05] [0.22 0.05 0.2  0.26 0.27] [0.35 0.06 0.33 0.16 0.1 ] [0.17 0.06 0.18 0.28 0.31] [0.31 0.08 0.17 0.22 0.22] [0.12 0.07 0.23 0.18 0.4 ] [0.23 0.1  0.15 0.25 0.27] [0.23 0.12 0.3  0.16 0.19] [0.16 0.16 0.3  0.16 0.22] [0.29 0.13 0.28 0.12 0.18] [0.23 0.04 0.22 0.16 0.35] [0.12 0.36 0.44 0.03 0.05] [0.22 0.33 0.29 0.08 0.08] [0.03 0.03 0.11 0.02 0.81] [0.09 0.06 0.12 0.05 0.68] [0.13 0.14 0.52 0.13 0.08] [0.13 0.06 0.13 0.29 0.39] [0.15 0.15 0.32 0.14 0.24] [0.23 0.06 0.17 0.26 0.28] [0.26 0.02 0.08 0.16 0.48] [0.32 0.12 0.28 0.07 0.21] [0.33 0.21 0.27 0.1  0.09] [0.14 0.07 0.12 0.36 0.31] [0.14 0.25 0.41 0.13 0.07] [0.2  0.12 0.22 0.17 0.29] [0.15 0.19 0.32 0.04 0.3 ] [0.21 0.07 0.22 0.23 0.27] [0.09 0.2  0.25 0.29 0.17] [0.26 0.16 0.34 0.14 0.1 ] [0.19 0.14 0.53 0.07 0.07] [0.21 0.15 0.37 0.12 0.15] [0.21 0.13 0.39 0.05 0.22] [0.09 0.47 0.34 0.04 0.06] [0.12 0.21 0.49 0.09 0.09] [0.2  0.16 0.43 0.1  0.11] [0.3  0.09 0.36 0.15 0.1 ] [0.09 0.17 0.58 0.07 0.09] [0.16 0.15 0.29 0.12 0.28] [0.19 0.1  0.36 0.2  0.15] [0.17 0.09 0.24 0.17 0.33] [0.18 0.21 0.33 0.13 0.15] [0.28 0.08 0.26 0.22 0.16] [0.13 0.24 0.35 0.07 0.21] [0.21 0.07 0.31 0.14 0.27] [0.16 0.12 0.27 0.15 0.3 ] [0.29 0.18 0.32 0.12 0.09] [0.09 0.38 0.36 0.08 0.09] [0.31 0.03 0.13 0.22 0.31] [0.17 0.16 0.47 0.08 0.12] [0.17 0.19 0.36 0.06 0.22] [0.08 0.46 0.37 0.06 0.03] [0.17 0.38 0.29 0.04 0.12] [0.11 0.34 0.36 0.05 0.14] [0.15 0.28 0.52 0.01 0.04] [0.19 0.07 0.3  0.19 0.25] [0.2  0.08 0.26 0.17 0.29] [0.1  0.09 0.22 0.04 0.55] [0.13 0.04 0.23 0.05 0.55] [0.31 0.12 0.42 0.09 0.06] [0.22 0.13 0.3  0.17 0.18] [0.21 0.19 0.4  0.1  0.1 ] [0.16 0.08 0.35 0.08 0.33] [0.03 0.1  0.2  0.05 0.62] [0.2  0.   0.09 0.29 0.42] [0.15 0.09 0.25 0.29 0.22] [0.21 0.12 0.42 0.09 0.16] [0.15 0.22 0.34 0.12 0.17] [0.15 0.12 0.39 0.2  0.14] [0.24 0.34 0.24 0.09 0.09] [0.15 0.26 0.28 0.22 0.09],0 3 0 1 3 3 0 4 2 0 4 0 2 1 4 2 3 2 0 4 2 3 4 2 4 3 2 1 0 3 0 2 4 4 4 2 2 1 4 1 0 4 2 0 2 2 4 2 4 0 2 2 3 2 0 1 1 0 4 3 1 3 1 4 3 0 2 4 4 4 3 4 1 0 3 3 3 2 0 1 4 4 4 0 3 2 3 3 1 1 4 4 2 4 2 4 4 0 2 3 2 2 4 4 0 2 2 1 2 1 3 2 2 2 0 0 4 0 2 2 4 2 0 1 4 2 2 1 2 1 0 0 2 4 4 1 2 1 2 4 4 3 0 2 2 2 1
