dataset_id,fold,checkpoint,sparsity,features,features_added,accuracy,roc_auc_score,prediction_probas,ground_truth
46980,0,wide-v2-1.5k,0.02,17,0,0.8911764705882353,0.7766415796787389,"[0.8565825  0.01356724 0.04074749 0.02777545 0.01339173 0.01983961
 0.01199533 0.0161006 ] [0.05655856 0.03998474 0.7051965  0.08076306 0.01799313 0.03971003
 0.01840519 0.04138878] [0.84520197 0.0152433  0.04070983 0.02925065 0.01445748 0.01948518
 0.01558662 0.020065  ] [0.9494397  0.00496408 0.00762735 0.00867664 0.0055097  0.00699397
 0.0079822  0.00880637] [0.9626886  0.00405799 0.00479025 0.00553015 0.00397027 0.00524029
 0.00668958 0.00703283] [0.95271665 0.00470773 0.00801154 0.00798865 0.00548981 0.0051579
 0.00758807 0.00833963] [0.8842841  0.01090249 0.02433795 0.02285784 0.01187143 0.01600659
 0.01322947 0.01651014] [0.95693636 0.00448182 0.0070603  0.00710989 0.00495099 0.0044742
 0.0070603  0.00792615] [0.8562559  0.0149198  0.03447723 0.02863441 0.01431721 0.0192981
 0.01392819 0.0181692 ] [0.9275822  0.00664411 0.01190753 0.01430277 0.00641145 0.00964197
 0.01131254 0.0121974 ] [0.9149204  0.00781912 0.01710288 0.01818612 0.0090778  0.0113053
 0.0092914  0.01229699] [0.94738126 0.00508943 0.00798132 0.00890459 0.00557014 0.00664601
 0.0092098  0.00921743] [0.04131922 0.03008918 0.77926713 0.04150232 0.0187676  0.03677228
 0.01541842 0.03686383] [0.8860615  0.01015279 0.02767416 0.02183116 0.01061046 0.01446257
 0.01311243 0.01609495] [0.8185155  0.02597541 0.03595657 0.03113387 0.02399139 0.02754737
 0.01401787 0.02286203] [0.91854113 0.00740882 0.01541279 0.01603846 0.00965207 0.01184953
 0.00906455 0.01203266] [0.8903201  0.0103247  0.0238544  0.02000839 0.01087413 0.01529246
 0.01294975 0.01637605] [0.03044128 0.04171753 0.73535156 0.07849121 0.01264954 0.03994751
 0.01754761 0.04385376] [0.7847398  0.02130322 0.07086831 0.03564779 0.01913627 0.02539295
 0.0176713  0.02524035] [0.9309677  0.00643793 0.0113808  0.01252498 0.00717021 0.00838304
 0.01111382 0.01202154] [0.90807843 0.00829964 0.01814021 0.01734686 0.00950492 0.01240369
 0.01216721 0.01405904] [0.88798034 0.01003036 0.02297448 0.0230355  0.01188388 0.01563668
 0.01305091 0.01540785] [0.95645356 0.00386202 0.00773548 0.00700313 0.00577491 0.00452381
 0.0067285  0.00791857] [0.92537415 0.0065237  0.0140088  0.01538984 0.00758047 0.01045319
 0.00950706 0.01116278] [0.93877506 0.00510303 0.01125108 0.01222745 0.00715874 0.00854319
 0.00777278 0.00916868] [0.95032585 0.00486441 0.00745876 0.00828666 0.00540235 0.00645535
 0.00850794 0.0086987 ] [0.9501119  0.00517228 0.00839923 0.00867386 0.00570629 0.00490908
 0.00796439 0.00906293] [0.92443633 0.00652398 0.01394071 0.01520736 0.00772958 0.0102705
 0.01051467 0.0113769 ] [0.9260858  0.0066744  0.01543883 0.01314284 0.00862713 0.00759737
 0.01052648 0.01190712] [0.927837   0.00676802 0.01159033 0.01378784 0.00669553 0.00972855
 0.01149114 0.01210156] [0.9058446  0.00860674 0.01988402 0.01761026 0.00959103 0.01249046
 0.01220052 0.01377232] [0.9598584  0.00442839 0.00509971 0.00575576 0.00422623 0.00554216
 0.00752178 0.00756755] [0.8912425  0.00985098 0.02421921 0.02151801 0.01014093 0.01399434
 0.01322366 0.0158104 ] [0.8822973  0.01121487 0.02587812 0.02326894 0.01116146 0.01570082
 0.01337392 0.01710458] [0.95695823 0.00428739 0.00566821 0.00697273 0.0045277  0.00585893
 0.00764026 0.00808654] [0.68590957 0.05867456 0.05782022 0.0291237  0.07701226 0.04531031
 0.0180631  0.02808629] [0.79596525 0.02916199 0.04492564 0.03549492 0.02617102 0.03001656
 0.0151914  0.02307323] [0.8853485  0.01080438 0.02684308 0.02307375 0.01109432 0.01487891
 0.01271956 0.01523753] [0.83404166 0.02299657 0.03442619 0.0303976  0.02116539 0.02330177
 0.01331421 0.02035662] [0.91259766 0.0078125  0.01998901 0.01820374 0.00878906 0.01011658
 0.00980377 0.01268768] [0.9111467  0.00802625 0.01779202 0.01812772 0.00827039 0.01139086
 0.01153582 0.01371023] [0.90468854 0.00874998 0.01859848 0.01917825 0.00911615 0.01281601
 0.01237356 0.01447904] [0.03475634 0.05858839 0.6317781  0.14146654 0.0124958  0.04970858
 0.02058222 0.05062403] [0.7881581  0.02060125 0.07044102 0.03537311 0.01883107 0.02553029
 0.01703037 0.02403479] [0.8536654  0.01579562 0.03775687 0.02594449 0.01629925 0.01906157
 0.01282726 0.01864951] [0.9470561  0.00473299 0.00909223 0.00981686 0.00635388 0.00706707
 0.00742939 0.0084515 ] [0.95973396 0.00443544 0.00546135 0.00580078 0.00439349 0.00535838
 0.00730342 0.00751318] [0.93403214 0.00614896 0.01045934 0.01219112 0.00623288 0.00907087
 0.01068058 0.0111841 ] [0.9453197  0.00522999 0.00771338 0.00955207 0.00540547 0.00732427
 0.00962074 0.00983436] [0.86972845 0.01337586 0.03039899 0.02725532 0.0140168  0.01764118
 0.01123938 0.01634403] [0.9471934  0.00457729 0.00937581 0.00932241 0.00684686 0.00743809
 0.00696892 0.00827726] [0.9331446  0.00555062 0.01214651 0.01396238 0.00721008 0.00968211
 0.00860632 0.00969737] [0.9005418  0.00918733 0.02060282 0.01964136 0.00980542 0.01390309
 0.01233117 0.01398703] [0.946401   0.00445991 0.00834754 0.01017119 0.00536028 0.00766463
 0.00862987 0.0089656 ] [0.9512009  0.00493255 0.00663778 0.00777078 0.00488678 0.00663396
 0.00889615 0.00904111] [0.94549644 0.00497152 0.00832529 0.00963017 0.00588341 0.00713487
 0.0091189  0.0094394 ] [0.85207677 0.01371807 0.04281747 0.02653584 0.01367992 0.01835688
 0.01430555 0.01850948] [0.9403257  0.00522174 0.01053503 0.01169457 0.00695724 0.00679704
 0.00827698 0.01019174] [0.7164398  0.04340394 0.06617422 0.03665832 0.03803186 0.04847079
 0.01985532 0.03096575] [0.90664834 0.01306023 0.01399855 0.01650837 0.01473853 0.01393752
 0.00813976 0.01296868] [0.87803686 0.01140734 0.02911732 0.02400501 0.01178885 0.01658833
 0.01313942 0.01591686] [0.9649284  0.00402104 0.00513885 0.00531815 0.00410879 0.00439873
 0.00565388 0.00643214] [0.8960508  0.0093771  0.02429347 0.01887628 0.01111671 0.01355063
 0.01235274 0.01438229] [0.9560036  0.00462317 0.00650371 0.0073696  0.00490162 0.0050275
 0.00752981 0.00804095] [0.95058566 0.00497004 0.00683905 0.0081321  0.00503488 0.00689245
 0.00857456 0.00897124] [0.08308914 0.03803419 0.6627595  0.07496948 0.02577839 0.05586081
 0.01970391 0.03980464] [0.9421815  0.00523265 0.00937452 0.01066362 0.00581236 0.00759725
 0.00935927 0.00977879] [0.95910877 0.00435695 0.00551295 0.00603182 0.00454008 0.0052993
 0.00751974 0.00763038] [0.9131277  0.00741611 0.01590039 0.01837242 0.00849953 0.01256619
 0.01145225 0.01266538] [0.9177412  0.00733384 0.01494991 0.01551434 0.00831398 0.01170822
 0.01175398 0.01268454] [0.91931087 0.00763219 0.01491348 0.01534066 0.00836833 0.01136628
 0.01065684 0.01241137] [0.8985472  0.00918691 0.02087657 0.01939629 0.01082743 0.01351331
 0.01284184 0.01481046] [0.96202785 0.00423481 0.00557393 0.00577232 0.00438742 0.00395631
 0.00675281 0.00729456] [0.949121   0.00421862 0.00779644 0.0093603  0.0051989  0.00724718
 0.00832281 0.00873476] [0.9587082  0.00423907 0.00566989 0.0065551  0.00464351 0.00536847
 0.00729913 0.00751662] [0.8999298  0.00909452 0.01971496 0.02038636 0.0102237  0.01348918
 0.01236763 0.01479385] [0.908629   0.00823918 0.01872125 0.01739383 0.00897918 0.01145856
 0.01232063 0.01425836] [0.9062984  0.0086522  0.02372868 0.01574791 0.01058254 0.01003319
 0.01135315 0.01360394] [0.94016016 0.00512052 0.01108046 0.01228618 0.00632242 0.00619651
 0.00874532 0.01008841] [0.8751602  0.01208717 0.03217142 0.01874122 0.01658934 0.01723033
 0.01204139 0.01597888] [0.9364984  0.00573334 0.01322902 0.00958226 0.00900245 0.00754527
 0.00819375 0.01021549] [0.9554826  0.00466497 0.00622123 0.0066141  0.00487857 0.00540114
 0.00856706 0.00817036] [0.88608176 0.01574443 0.0188567  0.0192381  0.02038232 0.01675134
 0.00864265 0.01430271] [0.9492803  0.00494417 0.00759555 0.0086294  0.00545156 0.00680205
 0.00822502 0.00907194] [0.0314569  0.02721587 0.8103738  0.03691838 0.0150267  0.031045
 0.01376049 0.0342029 ] [0.9266553  0.00695724 0.01363222 0.01324316 0.00772391 0.00874995
 0.01093171 0.01210651] [0.9467629  0.0051345  0.00849902 0.00931535 0.00582114 0.00742329
 0.00790393 0.00913987] [0.03332113 0.05013426 0.69327474 0.10081777 0.01264799 0.04619797
 0.01783535 0.04577078] [0.9124097  0.00753629 0.01734567 0.01816948 0.00868809 0.0122808
 0.01092304 0.01264693] [0.9037052  0.00872703 0.01948324 0.01875091 0.00974925 0.01225141
 0.01285406 0.01447893] [0.8790001  0.0107586  0.03189427 0.02325688 0.01110958 0.01645073
 0.01234568 0.01518412] [0.9348375  0.00539652 0.0121355  0.01411104 0.00650252 0.00761234
 0.00890903 0.01049556] [0.8477662  0.01510816 0.04160085 0.02417306 0.01806875 0.02192972
 0.01320819 0.01814505] [0.95569766 0.00457445 0.00620737 0.00730615 0.00494834 0.00577243
 0.007619   0.00787462] [0.888855   0.01026365 0.02528902 0.02290816 0.0121485  0.0154756
 0.01113358 0.01392651] [0.9473162  0.00490215 0.00744669 0.00918628 0.00494411 0.00740472
 0.00922443 0.0095754 ] [0.9367271  0.0053074  0.01114134 0.01439217 0.00772644 0.0093633
 0.00676493 0.0085773 ] [0.71832746 0.02969632 0.10071723 0.04355257 0.02774302 0.03750954
 0.0167862  0.02566763] [0.890428   0.01008383 0.02440866 0.02115926 0.01074744 0.01436297
 0.01331035 0.0154995 ] [0.9315305  0.00657576 0.01215982 0.01253361 0.0070144  0.00813197
 0.01048918 0.01156479] [0.9578251  0.00415723 0.00599556 0.00681556 0.00459202 0.00598412
 0.00696812 0.00766227] [0.9090895  0.00798718 0.01705763 0.01933097 0.00909334 0.01290003
 0.01139718 0.01314414] [0.9493564  0.00395641 0.00859957 0.0112321  0.00576484 0.00633713
 0.00691705 0.00783652] [0.92159766 0.00651699 0.01453732 0.01561331 0.00841715 0.01127883
 0.01042414 0.0116146 ] [0.94846654 0.00497936 0.00728016 0.00859273 0.00506712 0.00698636
 0.00931006 0.00931769] [0.919047   0.00695496 0.01747325 0.01655762 0.00884345 0.01148351
 0.0087824  0.01085783] [0.89486253 0.00972577 0.02087036 0.02206034 0.01033602 0.01466112
 0.01267783 0.01480606] [0.8993111  0.00955091 0.02201591 0.02193963 0.01327363 0.01444842
 0.00792603 0.01153432] [0.95394874 0.00464556 0.00737644 0.0078799  0.00531684 0.00427178
 0.00804772 0.00851304] [0.88222325 0.01092404 0.02947661 0.0215582  0.01238872 0.01550878
 0.0125184  0.01540198] [0.9251765  0.00667869 0.01257929 0.01506616 0.00704104 0.01037467
 0.01119854 0.0118851 ] [0.9424655  0.00577214 0.0087822  0.00953758 0.00598197 0.00831677
 0.00938498 0.00975885] [0.9462313  0.00558056 0.00775862 0.00848337 0.00557293 0.00713305
 0.00968111 0.00955905] [0.950738   0.00500898 0.00735897 0.00836992 0.00540574 0.00612675
 0.00833178 0.00865986] [0.8826778  0.01052696 0.03074177 0.02212187 0.0125637  0.01419614
 0.01186953 0.01530223] [0.02015748 0.0225074  0.8525651  0.02357555 0.01123844 0.02716147
 0.01123844 0.03155614] [0.8978533  0.00907038 0.0220466  0.02024625 0.0122515  0.0148681
 0.01015364 0.01351022] [0.84732956 0.01489542 0.03791006 0.02974505 0.01633002 0.02103062
 0.01439941 0.01835983] [0.9650131  0.00363414 0.00527284 0.00613892 0.00408626 0.00284054
 0.00640982 0.0066044 ] [0.9448999  0.00585603 0.0079581  0.00880503 0.00611163 0.00632527
 0.00988849 0.01015554] [0.9366592  0.00632568 0.01025539 0.01071322 0.00660038 0.00817227
 0.01043089 0.01084294] [0.95720285 0.00460135 0.00556283 0.0062267  0.00443347 0.00594818
 0.00807335 0.00795125] [0.9529832  0.00392474 0.00719726 0.00881827 0.00465324 0.00686162
 0.00752146 0.00804019] [0.03686664 0.03747702 0.7607712  0.0568259  0.01454981 0.03704975
 0.01593078 0.04052889] [0.9203821  0.00690439 0.01451829 0.01641796 0.00730111 0.01074949
 0.01115383 0.01257286] [0.8704926  0.01293777 0.02915576 0.02637902 0.01376927 0.01781995
 0.01307509 0.01637056] [0.7665548  0.02258163 0.08715288 0.03872444 0.02010986 0.02471773
 0.01658529 0.02357339] [0.9447161  0.00556119 0.00784212 0.0092534  0.00538955 0.00741874
 0.00977976 0.01003913] [0.7685547  0.03302002 0.04766846 0.02812195 0.0512085  0.03219604
 0.01367188 0.02555847] [0.9689792  0.00355805 0.00415137 0.00453293 0.00356377 0.00329095
 0.0058951  0.00602865] [0.95248777 0.0044091  0.00726968 0.00814692 0.00529779 0.00636192
 0.00760532 0.00842153] [0.96637124 0.00295849 0.00445967 0.00561178 0.00373292 0.00494798
 0.00572242 0.00619547] [0.9394925  0.00506613 0.01140642 0.01262718 0.00658444 0.00692397
 0.00836217 0.00953714] [0.9021579  0.00958055 0.02057987 0.01942044 0.01069421 0.01276898
 0.01084676 0.01395129] [0.9564809  0.00487487 0.00613745 0.00650745 0.00497023 0.00558817
 0.00748395 0.00795694] [0.9298471  0.00669594 0.01143843 0.01259829 0.00712708 0.0087219
 0.01127818 0.01229306] [0.9003838  0.01148215 0.01814256 0.02040084 0.01321401 0.01467121
 0.00873559 0.01296987] [0.9373641  0.0057708  0.01006934 0.01148057 0.0061751  0.00855894
 0.01005408 0.01052704] [0.8917172  0.00980504 0.02221968 0.02243333 0.01085804 0.01496318
 0.01289535 0.01510816] [0.9340963  0.00623331 0.01085679 0.01182574 0.006981   0.00897993
 0.00994888 0.01107805] [0.9186042  0.00770311 0.01433793 0.0153528  0.00773363 0.01088889
 0.01210979 0.01326964] [0.8398053  0.01637193 0.04095272 0.02950915 0.01567006 0.0215902
 0.01548696 0.02061368] [0.02814838 0.03046739 0.80359447 0.04213867 0.01288418 0.03280164
 0.01408182 0.03588347] [0.9264215  0.00839371 0.01180461 0.01503237 0.01246848 0.0102098
 0.00608544 0.00958409] [0.90109205 0.0087072  0.02058898 0.01906274 0.00997398 0.01390405
 0.01242359 0.01424745] [0.7596497  0.03936167 0.05339761 0.03859885 0.03127575 0.03286242
 0.01742288 0.02743112] [0.9251659  0.0062705  0.01358609 0.01527958 0.00797925 0.01048135
 0.00998551 0.01125181] [0.93696165 0.00594298 0.00945232 0.01201565 0.00561493 0.00863601
 0.01048986 0.01088656] [0.8607939  0.01602087 0.03074482 0.02328367 0.02137642 0.01983537
 0.01149688 0.0164481 ] [0.8930732  0.0095597  0.02442951 0.02125566 0.01068886 0.01373302
 0.01261149 0.01464855] [0.8735285  0.01186362 0.03044105 0.0248106  0.01207724 0.0160979
 0.01407613 0.01710497] [0.9491427  0.00415387 0.00808651 0.00978773 0.00527149 0.00701085
 0.00802548 0.00852135] [0.08349227 0.03326264 0.6928394  0.05907933 0.02766292 0.04504189
 0.01910313 0.03951845] [0.9185236  0.00723701 0.01596185 0.01503863 0.01003338 0.01245207
 0.00894993 0.01180353] [0.9494143  0.00525392 0.0076882  0.00771109 0.00575756 0.00649395
 0.00889008 0.00879087] [0.7906721  0.03053843 0.04557109 0.03418595 0.02788291 0.03072157
 0.01611623 0.0243117 ] [0.9220896  0.00729921 0.01378952 0.01450686 0.00761591 0.01020287
 0.01174437 0.01275169] [0.9674863  0.00304476 0.00442978 0.0053951  0.00371438 0.00420849
 0.00569653 0.00602466] [0.9472548  0.00551217 0.00730888 0.0081481  0.00531381 0.0073661
 0.00959767 0.00949849] [0.9306889  0.00589005 0.01235232 0.0138172  0.00718327 0.00940729
 0.00993374 0.01072722] [0.84578055 0.01537464 0.04309477 0.02366855 0.01776286 0.02124218
 0.01380284 0.01927361] [0.95353687 0.00443232 0.00690023 0.008056   0.0052753  0.00648828
 0.00745332 0.00785765] [0.8692268  0.01336803 0.03280965 0.02250895 0.01528319 0.01764091
 0.01257449 0.01658795] [0.8820378  0.01048519 0.0308756  0.02222188 0.01146197 0.01490362
 0.01275927 0.01525465] [0.9241613  0.00657543 0.01571392 0.01501976 0.00861977 0.00848246
 0.00947412 0.01195326] [0.57281506 0.02951365 0.2287842  0.04620855 0.02882693 0.04141678
 0.02066261 0.03177219] [0.9408067  0.00562601 0.00973396 0.01051206 0.00639268 0.00788786
 0.00932202 0.0097187 ] [0.8858503  0.01052985 0.02826273 0.01953363 0.01268923 0.01579477
 0.01215511 0.01518435] [0.936327   0.00514876 0.01101454 0.01294437 0.00674678 0.0089474
 0.00897029 0.00990088] [0.92808104 0.00623989 0.01201446 0.01450889 0.00664419 0.0099167
 0.01100754 0.01158728] [0.9020688  0.00811196 0.0228936  0.02161156 0.01122549 0.01242359
 0.00932533 0.01233965] [0.93722624 0.00586453 0.01166038 0.01223272 0.00657423 0.00688329
 0.0090658  0.01049282] [0.9385231  0.00626404 0.01058249 0.01018575 0.00724447 0.00859875
 0.0087132  0.00988819] [0.94772136 0.0043982  0.00759099 0.00982632 0.00492461 0.00774738
 0.00871247 0.00907867] [0.8836003  0.01160946 0.02733791 0.02389016 0.01289855 0.0154386
 0.01043478 0.01479024] [0.8132904  0.0223185  0.04524721 0.03691782 0.01855044 0.02273039
 0.01676557 0.02417965] [0.88720703 0.01014709 0.02310181 0.02307129 0.01205444 0.01596069
 0.01301575 0.01544189] [0.93146294 0.00677742 0.01101474 0.01231149 0.00651807 0.00920692
 0.01109102 0.01161735] [0.04118993 0.04103738 0.72250193 0.07810831 0.0154386  0.04353928
 0.01723875 0.04094584] [0.8803308  0.01243534 0.02647279 0.02522162 0.01279391 0.01540304
 0.01141305 0.01592945] [0.9306321  0.00551205 0.01348068 0.01649418 0.00797244 0.00883454
 0.00765202 0.00942198] [0.9549688  0.00490514 0.00570995 0.00673598 0.00468773 0.00613333
 0.00838375 0.00847529] [0.8633998  0.0134601  0.03220047 0.02852259 0.01313962 0.01896928
 0.0131091  0.01719902] [0.9610475  0.00418139 0.00535263 0.00584097 0.00429584 0.00501309
 0.00697406 0.00729454] [0.913923   0.00820798 0.02103866 0.01641595 0.00915388 0.00917676
 0.00964971 0.01243402] [0.9513098  0.00417007 0.00737106 0.00910319 0.00515059 0.00688271
 0.00773351 0.00827909] [0.9299948  0.00746772 0.01352429 0.01051126 0.01169359 0.00742577
 0.00859665 0.01078587] [0.94190174 0.00611119 0.01274882 0.00868232 0.00677495 0.00573735
 0.00837714 0.00966652] [0.83583546 0.0171793  0.04903576 0.02399915 0.01978823 0.0219242
 0.01351764 0.01872025] [0.88018304 0.01093822 0.02829901 0.02402746 0.01099161 0.01520214
 0.01362319 0.01673532] [0.49601048 0.07274169 0.16342472 0.04476177 0.08024776 0.07017865
 0.02540162 0.04723328] [0.913393   0.00784146 0.01784924 0.01760515 0.00888648 0.01149522
 0.01052648 0.01240293] [0.09185651 0.05609045 0.56053835 0.14794697 0.01647924 0.05340495
 0.02253689 0.05114668] [0.95857656 0.00390276 0.00615744 0.00702345 0.00456276 0.00525709
 0.00701963 0.00750032] [0.89645016 0.00923884 0.02509975 0.01945421 0.01061208 0.0126872
 0.01219131 0.01426642] [0.8722034  0.01111009 0.03311662 0.02801941 0.01387999 0.01654305
 0.01029362 0.01483381] [0.92710465 0.00630855 0.01588198 0.0166448  0.00833766 0.00714002
 0.00820798 0.01037439] [0.84430915 0.01503117 0.04095803 0.02871945 0.01625197 0.02260016
 0.01334493 0.01878515] [0.9212075  0.00721219 0.01359294 0.01514903 0.00751349 0.01082401
 0.01189191 0.01260894] [0.9554279  0.00455409 0.00681206 0.00763592 0.00500416 0.00494313
 0.00758252 0.00804022] [0.85694665 0.01618982 0.03007553 0.02452125 0.01976043 0.02288853
 0.01226825 0.01734951] [0.03185889 0.04028136 0.7441066  0.071652   0.01344238 0.04101375
 0.01663132 0.04101375] [0.8687584  0.01267397 0.03125381 0.02595837 0.01245269 0.01706141
 0.0142916  0.01754975] [0.9159353  0.00769357 0.01635599 0.01597455 0.00857469 0.01088619
 0.01164143 0.01293832] [0.94533056 0.00482568 0.00916308 0.01006336 0.00629437 0.0076448
 0.00783554 0.00884264] [0.7187171  0.02809015 0.10857657 0.03524619 0.03024154 0.03466638
 0.01826393 0.02619814] [0.8373896  0.01592993 0.04479912 0.02770954 0.0173795  0.02183499
 0.01449563 0.02046172] [0.9521521  0.00403978 0.00774768 0.00901035 0.00517656 0.00682833
 0.00708773 0.00795749] [0.8483193  0.01970316 0.03186692 0.02737991 0.01970316 0.02241978
 0.01168301 0.0189248 ] [0.9321289  0.00669098 0.01148224 0.01197815 0.00710297 0.0085907
 0.01076508 0.01126099] [0.930515   0.00654497 0.01296026 0.01241866 0.00731542 0.00861983
 0.01008444 0.01154143] [0.01888707 0.02239597 0.8528777  0.02305198 0.01109882 0.02703383
 0.01127427 0.03338037] [0.9375572  0.00516542 0.01121589 0.01350485 0.00673335 0.0083547
 0.00773286 0.0097357 ] [0.9368902  0.00590057 0.01167909 0.01154941 0.00725843 0.00792591
 0.00858196 0.01021443] [0.953446   0.00436325 0.00663259 0.00797132 0.00464549 0.00597658
 0.00827644 0.00868836] [0.9222929  0.00762118 0.01602051 0.01370898 0.00819334 0.0098488
 0.01007766 0.01223662] [0.90435207 0.00847678 0.01992919 0.02018861 0.01087255 0.01384057
 0.00959836 0.01274187] [0.9227671  0.00637759 0.01406732 0.01617284 0.00790333 0.01078698
 0.01026823 0.01165665] [0.92062086 0.00715419 0.01349949 0.016468   0.00753575 0.01067597
 0.01150013 0.0125456 ] [0.87259185 0.01247454 0.02848925 0.02591041 0.01218461 0.01687687
 0.01384788 0.01762457] [0.27684703 0.05431963 0.39866948 0.12163936 0.02911288 0.04824682
 0.0238335  0.04733132] [0.85803455 0.01747385 0.0296216  0.02484491 0.01988509 0.0221895
 0.01154495 0.01640558] [0.94013864 0.0046282  0.01044683 0.01367474 0.00660844 0.00832542
 0.00750127 0.00867644] [0.81266123 0.02745601 0.03940601 0.03156144 0.02567038 0.02708972
 0.01436137 0.02179387] [0.9414278  0.00493252 0.01058221 0.01213101 0.00671402 0.00715272
 0.00766009 0.00939963] [0.9472367  0.00543959 0.00788855 0.00818609 0.00577146 0.00720574
 0.00921603 0.00905581] [0.92030835 0.00676271 0.0141891  0.0165387  0.00800998 0.01133603
 0.01098511 0.01187002] [0.8114306  0.01717943 0.06786333 0.02940032 0.01539436 0.02279402
 0.01502056 0.02091741] [0.02099962 0.02394506 0.84535676 0.02536437 0.01140786 0.02797406
 0.011591   0.03336131] [0.8890584  0.01466965 0.01849154 0.02090215 0.01716417 0.01649286
 0.00953565 0.01368557] [0.9316477  0.00579457 0.01112374 0.01425945 0.00646596 0.00930793
 0.0102311  0.01116952] [0.9178847  0.00830765 0.015471   0.01444875 0.008773   0.01134387
 0.01137439 0.01239663] [0.94891506 0.00495244 0.00766903 0.00829477 0.00649769 0.00686779
 0.00790559 0.00889761] [0.9356183  0.00574156 0.01006394 0.01235293 0.00590942 0.00876684
 0.010537   0.01101006] [0.86485165 0.01358961 0.03152851 0.02792699 0.01274264 0.01718349
 0.01406269 0.01811439] [0.9378452  0.00607589 0.00919965 0.01124401 0.00576313 0.00843682
 0.01058036 0.01085497] [0.9430294  0.00598245 0.01038535 0.00853873 0.00650134 0.00717283
 0.00862266 0.00976726] [0.9209968  0.00739749 0.01317737 0.01558852 0.00763402 0.01041524
 0.01194128 0.01284927] [0.95364964 0.00476474 0.00674846 0.00729398 0.00509282 0.00545904
 0.00853762 0.00845369] [0.93122697 0.0064321  0.01081935 0.01266581 0.00640539 0.00935439
 0.01120848 0.01188755] [0.9098311  0.0077643  0.01695555 0.01854275 0.00944688 0.01290362
 0.01159876 0.01295703] [0.951268   0.00383607 0.00777895 0.0103465  0.00515036 0.00615754
 0.00732877 0.00813376] [0.9197254  0.00760488 0.01395118 0.01563692 0.00802441 0.01088482
 0.01163234 0.01254005] [0.7523725  0.03204053 0.06987885 0.04116444 0.02750908 0.03329163
 0.0173324  0.02641055] [0.8850513  0.01019817 0.02561365 0.02564416 0.01070159 0.01574347
 0.01208982 0.01495782] [0.95071983 0.00536748 0.00704983 0.00774413 0.00539419 0.00648142
 0.00821717 0.00902592] [0.9068213  0.00827865 0.01771708 0.01902945 0.00901114 0.01269647
 0.01239127 0.01405463] [0.9086983  0.0078736  0.02159135 0.01997391 0.0096894  0.01064309
 0.00920875 0.01232157] [0.9221733  0.00699853 0.0132953  0.01568281 0.00732652 0.01049588
 0.01154852 0.01247912] [0.88864475 0.01034514 0.02423022 0.02206354 0.01041381 0.0149913
 0.01350362 0.01580762] [0.92753977 0.00659423 0.01295962 0.01353933 0.00696418 0.0094127
 0.01100691 0.01198326] [0.89452446 0.01351918 0.01734911 0.0200499  0.01393117 0.01629626
 0.0097274  0.01460255] [0.9059138  0.00848531 0.02000763 0.01794735 0.00905761 0.01205647
 0.0121404  0.01439145] [0.01945347 0.0203079  0.86077416 0.02094872 0.01151951 0.02607528
 0.01097023 0.02995072] [0.9328271  0.00660091 0.01436175 0.01062251 0.00761203 0.00812713
 0.00919549 0.01065303] [0.9594324  0.00431424 0.00566459 0.00612615 0.00473003 0.00481395
 0.00758711 0.00733154] [0.92868966 0.00671371 0.01270265 0.01270265 0.00762159 0.0087202
 0.01097845 0.01187107] [0.04091814 0.02065741 0.82312286 0.02294589 0.0196047  0.03020802
 0.01233494 0.03020802] [0.9423145  0.00482906 0.00895626 0.01099316 0.00545081 0.00833832
 0.00938348 0.0097344 ] [0.80452794 0.02414987 0.05064913 0.03191506 0.0257975  0.02958092
 0.013242   0.02013761] [0.8910589  0.00955905 0.02299359 0.02360391 0.01148154 0.01505188
 0.01176381 0.01448734] [0.92315674 0.00614807 0.01557613 0.01823064 0.00877969 0.0098476
 0.00816946 0.01009169] [0.9034651  0.0087981  0.01883236 0.01935125 0.01025555 0.01342989
 0.01210979 0.013758  ] [0.8810409  0.0116067  0.02766988 0.02312183 0.01135488 0.01561296
 0.01338471 0.01620817] [0.8818763  0.01093342 0.02882517 0.02368272 0.01284086 0.01655654
 0.01093342 0.01435155] [0.82527715 0.0191059  0.05008431 0.02311936 0.02380607 0.02380607
 0.01461174 0.02018938] [0.73762417 0.04195207 0.05793962 0.03240225 0.04915257 0.03890101
 0.0155604  0.02646794] [0.82261586 0.01821594 0.04717226 0.03237372 0.01792607 0.02469983
 0.01575968 0.02123667] [0.88865834 0.01104719 0.024963   0.02174344 0.01230603 0.01509834
 0.01089461 0.01528907] [0.96170676 0.00360602 0.0056903  0.00683065 0.00419908 0.00487032
 0.00627382 0.00682302] [0.9314239  0.00594192 0.01467554 0.01457638 0.00761236 0.00707462
 0.00821495 0.01048035] [0.9344705  0.00555742 0.01100804 0.01325084 0.00657202 0.00945944
 0.00950521 0.01017653] [0.9425518  0.00511261 0.00896615 0.01096541 0.00584135 0.00805045
 0.00879064 0.00972159] [0.5102617  0.04080262 0.23584345 0.09594873 0.02244602 0.03692683
 0.02084382 0.03692683] [0.9209722  0.00758041 0.01774739 0.01269633 0.00956803 0.00976641
 0.00974352 0.0119257 ] [0.91594577 0.00762118 0.01624937 0.01594422 0.00869685 0.01087106
 0.01173311 0.01293847] [0.9281483  0.00645014 0.01187802 0.01398356 0.00672096 0.00976484
 0.01124483 0.01180936] [0.05743364 0.05602985 0.6083938  0.14721568 0.01525104 0.04745447
 0.02027878 0.04794275] [0.08385207 0.04979861 0.61711216 0.12248261 0.01719456 0.04287196
 0.02027646 0.04641157] [0.96449345 0.00383623 0.00491403 0.00550158 0.00401364 0.00405179
 0.00646302 0.00672627] [0.8857895  0.01070461 0.0247816  0.0225537  0.01077328 0.01537405
 0.0135429  0.01648037] [0.94346374 0.00471549 0.00901131 0.01078153 0.00571123 0.00770654
 0.00908761 0.00952254] [0.9502533  0.00452451 0.00763368 0.00875908 0.0052379  0.00640908
 0.0084844  0.00869804] [0.9252612  0.00673271 0.01507517 0.01441143 0.00805636 0.00941435
 0.00970426 0.01134452] [0.81335866 0.0180943  0.06041605 0.03438833 0.01662967 0.02160331
 0.01515741 0.02035227] [0.93752146 0.00629821 0.00895711 0.01095606 0.00592436 0.00855275
 0.0108111  0.01097895] [0.8724787  0.01199994 0.03048427 0.02386256 0.01246529 0.01660004
 0.01424278 0.01786641] [0.88488036 0.01075884 0.02395941 0.02426462 0.01126245 0.01570333
 0.01319293 0.01597803] [0.7281051  0.04535396 0.05487647 0.03102443 0.04932167 0.03888355
 0.01910605 0.03332876] [0.88772917 0.01006356 0.02490329 0.02264491 0.01221513 0.01632753
 0.01139875 0.01471766] [0.9228762  0.00654238 0.01522868 0.01515238 0.00849174 0.01026944
 0.0094607  0.01197847] [0.5811611  0.07820036 0.07307246 0.03131677 0.11867408 0.05735303
 0.0212136  0.03900861] [0.919609   0.00746297 0.01492594 0.01519302 0.00792845 0.01028639
 0.011576   0.01301823] [0.95796764 0.00446301 0.0056951  0.00616048 0.00446301 0.00557685
 0.00789609 0.00777784] [0.90564424 0.00877267 0.02180198 0.01502796 0.01241904 0.01220545
 0.01077894 0.01334971] [0.8294443  0.01792593 0.04454785 0.03026813 0.01803272 0.02350967
 0.01489759 0.02137381] [0.9357289  0.00598261 0.00995067 0.01193469 0.00616193 0.00866868
 0.01065271 0.01091979] [0.9045108  0.00826459 0.01891011 0.01990217 0.00971452 0.01340802
 0.0119352  0.0133546 ] [0.93306273 0.00634355 0.01440364 0.0124506  0.00819359 0.00647325
 0.00867422 0.01039839] [0.04183003 0.03984684 0.7386005  0.06913701 0.01447728 0.03813824
 0.017269   0.04070113] [0.10338409 0.05108175 0.5668426  0.13707241 0.01791218 0.05117329
 0.02197064 0.050563  ] [0.90384305 0.00878177 0.0190437  0.02009659 0.00971259 0.0129018
 0.01181838 0.0138021 ] [0.9158619  0.00812394 0.01669031 0.01395945 0.01183121 0.01112942
 0.00987078 0.01253299] [0.06480253 0.06577884 0.5501503  0.17683402 0.01462938 0.05134777
 0.02251613 0.05394109] [0.89987487 0.00897189 0.02188044 0.01908816 0.00963563 0.0128704
 0.0126873  0.0149913 ] [0.03228686 0.02360481 0.82468814 0.02844173 0.01585352 0.02983025
 0.01309937 0.03219531] [0.9145926  0.0078739  0.01620558 0.01669388 0.00811805 0.01108602
 0.01206263 0.01336731] [0.9356254  0.00622992 0.01010217 0.01143742 0.00645882 0.0087135
 0.01061338 0.01081939] [0.9280704  0.00625126 0.01389848 0.01537071 0.00791038 0.00977165
 0.0084291  0.01029799] [0.93200445 0.00638495 0.01064158 0.01309792 0.00642691 0.00922271
 0.01095435 0.01126711] [0.02080075 0.02362403 0.8463141  0.02563848 0.01107186 0.02803446
 0.01179675 0.03271959] [0.956929   0.00454663 0.00621348 0.00654914 0.00503868 0.00496239
 0.00784981 0.00791084] [0.91402763 0.00819366 0.02152933 0.01647886 0.00953638 0.00858274
 0.00949823 0.01215316] [0.0237238  0.02877369 0.81921095 0.03820218 0.01135844 0.03036036
 0.01328075 0.03508986] [0.04330742 0.05893349 0.6177182  0.14881393 0.01288693 0.04816005
 0.02037188 0.04980811] [0.94422066 0.00539714 0.00792597 0.00960424 0.00556878 0.00713643
 0.00979495 0.01035182] [0.874425   0.01193882 0.02709692 0.02422855 0.01347217 0.01820193
 0.01345692 0.01717969] [0.04516395 0.02895986 0.78023773 0.04083065 0.019805   0.03607013
 0.01533438 0.03359831] [0.92422473 0.00686577 0.01508182 0.01540985 0.00820841 0.01010032
 0.00880345 0.01130564] [0.95796764 0.00476054 0.00519159 0.00623677 0.00440198 0.00589346
 0.0075833  0.00796475] [0.93711895 0.00572652 0.01083498 0.01174298 0.00674897 0.00888163
 0.00896556 0.00998039] [0.03859561 0.0509523  0.6726925  0.114841   0.01289826 0.04579606
 0.01806214 0.04616218] [0.727883   0.0325558  0.08427283 0.05495126 0.02306671 0.03160994
 0.01717799 0.02848251] [0.8902386  0.009782   0.02377591 0.02139527 0.01059844 0.01529106
 0.01337586 0.01554286] [0.92572474 0.00670583 0.01341166 0.01792798 0.00882667 0.01027617
 0.00718645 0.00994049] [0.93730694 0.00557212 0.01116713 0.0123647  0.00703667 0.00834484
 0.00862707 0.00958055] [0.9038086  0.00870514 0.02095032 0.01655579 0.01087952 0.01338959
 0.01165009 0.01406097] [0.9559161  0.00455027 0.00665568 0.00714389 0.00498509 0.00440152
 0.00813176 0.00821567] [0.8832806  0.01058173 0.02680908 0.02276559 0.01132939 0.01508297
 0.01382415 0.01632653] [0.8819436  0.01152179 0.0280033  0.02287572 0.01326151 0.01564217
 0.01129288 0.01545904] [0.8959141  0.00900949 0.02180281 0.02114675 0.01129047 0.01499802
 0.01172531 0.01411309] [0.9359566  0.00572919 0.01100066 0.01180168 0.0067667  0.0089943
 0.00950543 0.01024542] [0.9173265  0.00689582 0.01656826 0.0183685  0.0097411  0.01095397
 0.00874945 0.0113964 ] [0.89979935 0.00944411 0.02247362 0.01707263 0.01282354 0.01412039
 0.01071044 0.01355588] [0.90872955 0.00767931 0.01799087 0.01971518 0.00919381 0.01298577
 0.01095627 0.01274925] [0.91167676 0.00818684 0.01614478 0.01764024 0.00853018 0.01170421
 0.01202466 0.01409235] [0.85510445 0.01565779 0.03635171 0.0203887  0.02145697 0.02026661
 0.01288792 0.01788589] [0.90426236 0.00865903 0.01879811 0.01925586 0.0093838  0.01317546
 0.01190903 0.01455633] [0.954178   0.00376541 0.00679834 0.00897289 0.0047306  0.00659614
 0.00712261 0.00783602] [0.8898453  0.01096587 0.0249689  0.01753623 0.01623894 0.01531558
 0.01078272 0.01434644]",0 2 4 0 0 0 0 0 0 0 0 0 2 0 0 0 0 2 0 0 0 2 0 0 0 0 0 0 0 0 0 0 1 0 0 2 0 0 0 0 0 0 3 0 0 0 0 0 0 0 0 0 0 0 0 0 1 0 0 0 0 0 0 0 0 3 0 0 0 0 0 0 0 0 0 0 0 0 0 0 0 0 0 0 2 0 0 3 0 2 0 0 4 0 0 0 5 0 0 0 7 0 0 0 0 0 0 3 0 0 0 0 0 0 0 2 0 0 0 0 0 0 0 2 0 0 0 0 0 0 0 0 0 0 0 0 0 0 0 0 0 0 2 0 0 0 0 0 0 0 0 0 7 0 0 0 0 0 0 3 4 0 0 0 0 0 0 0 0 0 0 0 0 0 0 3 0 0 5 0 3 0 0 0 0 0 0 0 1 0 0 0 2 0 7 0 0 0 0 0 6 2 0 0 0 0 3 0 0 0 0 2 0 0 0 0 0 0 0 4 3 0 0 0 0 0 0 0 2 7 0 0 0 0 1 0 0 0 0 0 0 0 0 0 0 0 0 0 0 0 0 0 6 2 0 0 0 2 0 0 0 0 0 0 0 7 0 0 0 0 0 0 0 0 0 0 0 3 0 0 0 0 0 0 0 0 4 0 0 0 0 0 0 0 0 0 0 0 0 2 0 0 0 1 0 2 0 0 0 0 2 0 0 2 3 0 0 2 0 7 0 2 5 0 0 0 0 0 0 0 0 0 0 0 0 0 0 0 0 0
46980,1,wide-v2-1.5k,0.02,17,0,0.8852941176470588,0.781367873393646,"[0.9343885  0.00655619 0.01007647 0.01057228 0.00804745 0.00877973
 0.01072484 0.01085452] [0.94137037 0.0059774  0.00830809 0.00958978 0.00700733 0.00873532
 0.00909389 0.00991783] [0.47674844 0.08434029 0.18637861 0.05196509 0.06590992 0.05693885
 0.02239717 0.05532162] [0.93353677 0.00683552 0.01064998 0.0106271  0.00836894 0.00866646
 0.01122215 0.01009307] [0.9220474  0.0064366  0.01294187 0.01611629 0.00956142 0.01159885
 0.0106221  0.01067552] [0.95230466 0.00402517 0.00656999 0.00776418 0.00628002 0.00723767
 0.00781378 0.00800455] [0.9041451  0.00996232 0.01678185 0.01838375 0.01123621 0.01167102
 0.01392894 0.0138908 ] [0.85921764 0.01508818 0.02945933 0.02953561 0.01583572 0.01719351
 0.01647647 0.01719351] [0.92072284 0.00787203 0.01233438 0.01514146 0.00906199 0.0116021
 0.01143428 0.01183093] [0.04564838 0.05361243 0.61906034 0.14500073 0.0172402  0.05202572
 0.01282335 0.05458887] [0.88814294 0.01085613 0.02011016 0.02381788 0.01279391 0.01592945
 0.01399167 0.01435786] [0.0381397  0.03823123 0.7249594  0.08878922 0.01507281 0.04079422
 0.00955781 0.04445563] [0.83438355 0.01771356 0.04195719 0.0297362  0.01946814 0.01997162
 0.01608105 0.02068871] [0.01013774 0.0120524  0.91000175 0.01650721 0.00736493 0.01896346
 0.00291203 0.02206046] [0.9581357  0.00478808 0.00486439 0.00531077 0.00563888 0.00600132
 0.00774105 0.00751977] [0.03750696 0.05578741 0.61476016 0.15491077 0.01605261 0.05578741
 0.01200131 0.05319336] [0.9023231  0.0099485  0.01707419 0.02044631 0.01094793 0.01307648
 0.01265688 0.01352661] [0.87433827 0.01382935 0.02590428 0.02216662 0.01615585 0.01656776
 0.01352423 0.01751362] [0.9087191  0.00939207 0.0159154  0.01721244 0.01102481 0.01121555
 0.0135197  0.01300089] [0.93196535 0.00578207 0.01045044 0.01289141 0.00892483 0.01034364
 0.00969526 0.00994699] [0.9646487  0.00326853 0.00398174 0.00478266 0.00439746 0.00662098
 0.00619382 0.0061061 ] [0.9268285  0.00766813 0.01171201 0.01237582 0.00906441 0.00928568
 0.01197143 0.01109399] [0.91544354 0.00884166 0.01428092 0.01469287 0.01095481 0.0122288
 0.0107412  0.01281621] [0.8456128  0.01688967 0.03286392 0.03188746 0.01800345 0.01846116
 0.01736265 0.01891888] [0.90069336 0.01064844 0.0171626  0.01792539 0.01321139 0.01399706
 0.01182313 0.01453863] [0.94707775 0.00535096 0.00804741 0.00731514 0.00702146 0.0074143
 0.00961876 0.00815421] [0.92635435 0.00708836 0.01220052 0.01352816 0.00928582 0.00941554
 0.0114604  0.01066687] [0.9257212  0.00744199 0.01206892 0.01279366 0.00920808 0.00981839
 0.01183242 0.01111531] [0.75115997 0.04081197 0.04850427 0.03492064 0.03669109 0.03275336
 0.02161172 0.03354701] [0.8411225  0.01961846 0.03704014 0.02576639 0.02076262 0.02036598
 0.01427144 0.02105247] [0.6766339  0.03264783 0.1313236  0.04564594 0.03051199 0.03086288
 0.01862757 0.03374626] [0.80810547 0.02270508 0.04571533 0.03808594 0.02140808 0.02166748
 0.01849365 0.02381897] [0.95066184 0.00521839 0.00641236 0.00670608 0.00622544 0.00706847
 0.00876597 0.00894145] [0.9193705  0.00872743 0.01309877 0.01416681 0.00992516 0.00953609
 0.01282413 0.01235114] [0.94393045 0.00608116 0.00782082 0.00793527 0.00728671 0.0076644
 0.01001064 0.00927053] [0.9256541  0.00800976 0.01182394 0.0120299  0.00972614 0.00855138
 0.01232741 0.01187734] [0.8307058  0.02483022 0.03152995 0.02676841 0.02421976 0.02141167
 0.01683327 0.02370088] [0.8729869  0.01513568 0.02435135 0.02317651 0.01679877 0.01582228
 0.01366331 0.01806517] [0.9060288  0.00998444 0.01617037 0.01664328 0.01193709 0.01236423
 0.01289816 0.01397364] [0.94324785 0.00609517 0.00780013 0.00841423 0.00728521 0.008193
 0.0097187  0.00924573] [0.9271259  0.00715544 0.01233513 0.01295303 0.00860484 0.00913883
 0.01169434 0.01099253] [0.9250989  0.00779942 0.01258586 0.01311218 0.00909233 0.00880247
 0.01220447 0.01130439] [0.16609715 0.05891506 0.4195753  0.18745424 0.02501831 0.07182085
 0.018062   0.05305712] [0.8739901  0.01227523 0.02310093 0.02783097 0.01445715 0.01827933
 0.01448767 0.01557863] [0.9269417  0.00740961 0.01208736 0.01254521 0.00875265 0.00917998
 0.01195763 0.01112586] [0.9385625  0.00611933 0.00956051 0.00986571 0.00756142 0.00805738
 0.01043034 0.00984282] [0.7608467  0.02835472 0.0685519  0.04550796 0.02507363 0.02463107
 0.01932028 0.02771377] [0.9403508  0.00618692 0.00903245 0.0089409  0.00760587 0.0082238
 0.01046665 0.00919265] [0.9504552  0.00449645 0.00675039 0.00796317 0.00616307 0.00728432
 0.00833692 0.0085505 ] [0.9022956  0.00882674 0.01711945 0.02081188 0.01148163 0.01388476
 0.01283196 0.01274804] [0.89292336 0.01087015 0.01983325 0.0223658  0.01198386 0.01324251
 0.01458507 0.01419603] [0.899971   0.00837771 0.01764051 0.02189803 0.01175779 0.01579405
 0.01204773 0.01251316] [0.8932572  0.01217148 0.01926071 0.01738347 0.01462867 0.0147584
 0.01214859 0.01639144] [0.01576022 0.01878106 0.8719539  0.02926245 0.00860481 0.02480748
 0.00429859 0.02653149] [0.90335476 0.0094837  0.01599182 0.02050859 0.01098675 0.01394706
 0.01265002 0.01307728] [0.9434314  0.0052189  0.00881262 0.00936961 0.00732478 0.00747738
 0.00946117 0.00890418] [0.01017179 0.01350642 0.90396893 0.01825275 0.00719198 0.02031305
 0.00315341 0.02344166] [0.93025386 0.00684414 0.01089569 0.01210887 0.00846171 0.00965962
 0.01098725 0.01078887] [0.8766387  0.01275125 0.02367108 0.02003876 0.01869573 0.01843627
 0.01250706 0.01726111] [0.8819436  0.01129288 0.02214321 0.02560737 0.01309364 0.01628312
 0.01463496 0.01500122] [0.9031343  0.0099238  0.01650661 0.01992388 0.01109086 0.01302069
 0.0126393  0.01376059] [0.887356   0.01020984 0.01832888 0.0246013  0.0135826  0.01872568
 0.01224723 0.01494849] [0.9652547  0.00362749 0.00356264 0.00440944 0.00468026 0.00626705
 0.00585891 0.00633952] [0.8864063  0.01205683 0.02197701 0.02058819 0.01477344 0.01588755
 0.01210262 0.01620805] [0.9211899  0.0085431  0.0126926  0.01213577 0.01053394 0.0110984
 0.0111823  0.01262395] [0.8767859  0.01295224 0.02350931 0.02549258 0.0141956  0.01553048
 0.01562202 0.01591188] [0.8682502  0.01210142 0.0234093  0.03061217 0.0148788  0.02148651
 0.01297889 0.01628274] [0.9592149  0.00424678 0.00484201 0.00540291 0.00507095 0.00642549
 0.00727638 0.00752058] [0.9724504  0.00250191 0.00265637 0.00363845 0.00345157 0.00556065
 0.00484364 0.00489703] [0.9399307  0.00619881 0.00932301 0.0089034  0.00778952 0.00810995
 0.01062762 0.00911702] [0.8008912  0.02302868 0.05222275 0.02923986 0.02934668 0.02612663
 0.01405528 0.0250889 ] [0.6825026  0.04567715 0.09477169 0.05394602 0.03040566 0.03249577
 0.02285383 0.03734725] [0.9068282  0.00883572 0.01594702 0.01928902 0.01084245 0.01259738
 0.01298652 0.01267368] [0.9154715  0.00852151 0.01439579 0.01609704 0.0101007  0.01066524
 0.01271742 0.01203082] [0.01796206 0.02254033 0.8458193  0.03943413 0.00992721 0.02881255
 0.00547103 0.03003342] [0.94447285 0.00558553 0.0085309  0.00811885 0.0070811  0.00744737
 0.00994254 0.00882086] [0.95333594 0.00488771 0.00637577 0.00605526 0.00607816 0.0064559
 0.008936   0.00787528] [0.9575853  0.00423842 0.00595515 0.00518453 0.00567284 0.00605434
 0.00828609 0.00702334] [0.9375715  0.00630618 0.00943828 0.00972059 0.00779402 0.00838534
 0.01068197 0.01010209] [0.94305456 0.00540266 0.00831003 0.00934783 0.00748208 0.00814215
 0.00925626 0.00900444] [0.96037596 0.00427595 0.00510368 0.00473368 0.0053478  0.00571017
 0.00767077 0.00678201] [0.8799097  0.01222266 0.0221717  0.0257271  0.01329844 0.01600696
 0.01515244 0.01551103] [0.95571226 0.00420062 0.00544059 0.00744361 0.00548637 0.00698959
 0.00722614 0.00750084] [0.07013528 0.04718414 0.5942882  0.14295633 0.02238652 0.06360397
 0.01290239 0.04654321] [0.88764113 0.01306073 0.02345133 0.01566982 0.01515105 0.01509002
 0.01266402 0.01727189] [0.9240467  0.00757778 0.01282805 0.0134538  0.00903534 0.00943216
 0.01217176 0.01145443] [0.01519775 0.02009583 0.8647461  0.03189087 0.00888062 0.02687073
 0.00416565 0.02815247] [0.92403257 0.00826446 0.01200369 0.01250734 0.00968384 0.0100654
 0.01148478 0.01195791] [0.8895195  0.010733   0.02016919 0.02297641 0.01260193 0.01545491
 0.01433355 0.0142115 ] [0.9460173  0.00605913 0.00705881 0.0072038  0.00705881 0.00830268
