dataset_id,fold,checkpoint,sparsity,features,features_added,accuracy,roc_auc_score,prediction_probas,ground_truth
46980,0,wide-v2-5k-nocat,0.5,17,0,0.8970588235294118,0.758281586137147,"[0.93221784 0.00589427 0.01477955 0.01573331 0.00655809 0.00576456
 0.00866782 0.0103846 ] [0.01605359 0.06439749 0.6172393  0.16407627 0.00855327 0.0531966
 0.01568735 0.06079612] [0.7865611  0.02149799 0.05532415 0.04195847 0.02424437 0.01858379
 0.02134542 0.03048473] [0.968726   0.00269502 0.00512683 0.00698072 0.00261682 0.00201411
 0.00505435 0.00678618] [0.97787255 0.0021378  0.00304555 0.00376832 0.0021378  0.00143029
 0.00391326 0.00569444] [9.8478955e-01 1.3216936e-03 3.0667870e-03 2.1169984e-03 1.6068210e-03
 7.1853981e-04 2.3019975e-03 4.0776059e-03] [0.8522394  0.01558267 0.03159268 0.03084484 0.01955083 0.01221736
 0.0146822  0.02329006] [0.98396176 0.00130854 0.00265332 0.00292419 0.00169958 0.00111207
 0.00218599 0.00415452] [0.8809669  0.01477994 0.0188469  0.03192528 0.0120025  0.01239928
 0.01323862 0.01584056] [0.9323103  0.00690595 0.01092742 0.01629956 0.00512795 0.00556673
 0.01157604 0.01128607] [0.864093   0.01358536 0.03122878 0.03408163 0.01234963 0.01488974
 0.01172414 0.01804771] [0.9647039  0.00326872 0.00593099 0.00666712 0.00341747 0.00243724
 0.00594625 0.00762829] [0.03020941 0.04162185 0.71916693 0.10844871 0.00936034 0.03670901
 0.01609643 0.03838731] [0.92248994 0.00684069 0.01738215 0.01690906 0.0056389  0.00642102
 0.0127581  0.01156012] [0.7979612  0.02959086 0.02441742 0.04721718 0.03583256 0.02409694
 0.01359745 0.02728646] [0.90123653 0.00984812 0.01769763 0.02338833 0.01363175 0.00864285
 0.00971844 0.01583633] [0.89949644 0.00846177 0.02829239 0.01844957 0.00987334 0.00676789
 0.01117046 0.01748817] [0.00830167 0.06763418 0.63532174 0.16176043 0.00722581 0.05676876
 0.01079675 0.05219063] [0.7931261  0.01864994 0.06229873 0.03864292 0.0193062  0.01662012
 0.02084764 0.03050837] [0.9449684  0.00492934 0.0101868  0.01349846 0.00475384 0.00400223
 0.0076649  0.00999603] [0.9329809  0.00662524 0.01173244 0.01762155 0.00503091 0.00531316
 0.00984823 0.01084755] [0.86039096 0.0165718  0.02392688 0.03231959 0.0201883  0.01272641
 0.01252804 0.02134802] [0.971701   0.00210957 0.00688186 0.00563825 0.00258833 0.00186447
 0.00372323 0.00549328] [0.92003417 0.00811104 0.01342174 0.02057136 0.00857649 0.00899615
 0.00781345 0.01247558] [0.96121126 0.00321698 0.0068039  0.00937443 0.00419523 0.0032494
 0.00446601 0.00748277] [0.96451    0.00325637 0.00632578 0.00683322 0.00344522 0.0025162
 0.00549023 0.00762299] [0.9757814  0.00227211 0.00460526 0.00384789 0.00230454 0.00131824
 0.00397571 0.00589489] [0.9332016  0.00656959 0.01068988 0.01860238 0.00546321 0.00568067
 0.00920963 0.01058306] [0.94887704 0.00465083 0.01109485 0.01015629 0.00445625 0.00384772
 0.00767636 0.00924062] [0.9335902  0.00690839 0.01007839 0.01708978 0.00545881 0.00546644
 0.01041408 0.01099392] [0.89934546 0.01026838 0.02102501 0.02490044 0.00791871 0.00820097
 0.01421248 0.01412856] [0.9802086  0.00188871 0.00248395 0.0034264  0.0017504  0.00119142
 0.00397584 0.00507473] [0.8997067  0.0097635  0.02118985 0.02492744 0.00729593 0.00887106
 0.01431726 0.01392825] [0.85772693 0.01527079 0.03038902 0.02956522 0.01812357 0.01154844
 0.01572845 0.0216476 ] [0.97353256 0.00223137 0.00400502 0.0053858  0.0022943  0.00177937
 0.00461531 0.00615629] [0.69099176 0.04413313 0.04654428 0.03613667 0.10114606 0.03876146
 0.01553511 0.02675151] [0.76276517 0.03992065 0.03058141 0.04526171 0.04959561 0.0341523
 0.01297116 0.02475202] [0.8535156  0.01622009 0.03038025 0.03521729 0.01423645 0.01570129
 0.01420593 0.02052307] [0.808087   0.02700744 0.02905207 0.04238795 0.03369064 0.02308602
 0.01337402 0.0233149 ] [0.9538316  0.00415897 0.0070321  0.01126356 0.00412463 0.00395293
 0.00702065 0.00861556] [0.901711   0.01050399 0.01829236 0.02502041 0.00893259 0.00831471
 0.01161008 0.01561487] [0.86200714 0.01517059 0.03020383 0.03011225 0.01497982 0.01104981
 0.01410224 0.02237434] [0.00573954 0.07255087 0.613601   0.16889893 0.00667007 0.06327607
 0.01108247 0.05818104] [0.7820953  0.02326575 0.05074222 0.0455551  0.02657635 0.01855157
 0.02166384 0.03154988] [0.7948976  0.02389454 0.03738289 0.03753548 0.03365986 0.02114804
 0.02154475 0.02993683] [9.8734188e-01 1.0567110e-03 2.1973485e-03 2.4090721e-03 1.2846477e-03
 5.9273094e-04 1.9169576e-03 3.2006516e-03] [0.98378354 0.00141129 0.00241445 0.00247166 0.00168878 0.00103654
 0.00267764 0.00451613] [0.94451606 0.00556671 0.0080887  0.01335399 0.00463956 0.00480362
 0.00905019 0.00998115] [0.9588911  0.00385819 0.00584355 0.00940613 0.00322883 0.00307625
 0.0076401  0.00805586] [0.83065516 0.02063209 0.02882693 0.04596438 0.01953334 0.01950281
 0.01313922 0.0217461 ] [0.98231786 0.00128065 0.00260135 0.00318875 0.00185565 0.001253
 0.00292556 0.00457715] [0.93666995 0.00620367 0.01069808 0.01701621 0.00657757 0.00570768
 0.00725287 0.00987398] [0.8958799  0.01162569 0.01714865 0.02996438 0.00833785 0.00975673
 0.01282335 0.01446346] [0.9511211  0.00426842 0.00760229 0.01257257 0.00492833 0.00426079
 0.00606123 0.0091853 ] [0.96687984 0.00315693 0.00490231 0.00708069 0.00272584 0.00229092
 0.00606207 0.00690138] [0.96534675 0.00296025 0.00474556 0.0083238  0.00322538 0.00275998
 0.00538262 0.00725567] [0.8910997  0.00920091 0.03051711 0.02491722 0.00800311 0.0079726
 0.01217633 0.01611304] [0.9359352  0.00525991 0.01469264 0.01439513 0.00641564 0.00474116
 0.00804815 0.01051218] [0.78030914 0.03054949 0.03686692 0.04367265 0.03735523 0.03354035
 0.01361146 0.02409473] [0.8907813  0.01288068 0.01608559 0.02431152 0.01929049 0.01158345
 0.00949263 0.01557433] [0.8893366  0.01275125 0.01883308 0.03020314 0.00961494 0.01062222
 0.01377379 0.01486501] [9.8762012e-01 1.1251388e-03 2.1549268e-03 1.5465891e-03 1.2452807e-03
 5.7258125e-04 1.9518298e-03 3.7835175e-03] [0.886359   0.01076664 0.02841598 0.02817181 0.00855379 0.00862247
 0.01412406 0.0149863 ] [0.97320396 0.00254837 0.00476866 0.00486785 0.00255791 0.00163851
 0.00439861 0.00601614] [0.96914583 0.00279209 0.00474885 0.00657591 0.00257658 0.00203113
 0.0053744  0.00675518] [0.02177728 0.07264181 0.6045752  0.15175425 0.01523036 0.07258077
 0.0127581  0.04868222] [0.9502968  0.00456668 0.00833219 0.01153688 0.00453234 0.00405546
 0.00727922 0.00940042] [0.9822111  0.00146739 0.00266209 0.0030225  0.00172959 0.00110984
 0.00298817 0.0048093 ] [0.91005903 0.00975695 0.01463924 0.02335871 0.00861267 0.00911615
 0.01101567 0.01344156] [0.94796    0.00517004 0.00755856 0.01298805 0.00424668 0.00415892
 0.00885202 0.00906569] [0.9086567  0.00929988 0.0195305  0.01988144 0.0096203  0.00728579
 0.01045187 0.01527346] [0.9197535  0.00758986 0.01736132 0.01906999 0.00712455 0.00647617
 0.0102444  0.01238024] [9.8679239e-01 1.1481959e-03 2.4756782e-03 1.7013137e-03 1.3637211e-03
 6.5086689e-04 1.9464019e-03 3.9214133e-03] [0.962217   0.0033048  0.00574764 0.00848988 0.00362899 0.00297298
 0.00571332 0.00792541] [0.9777914  0.00207279 0.00374132 0.00384238 0.00210139 0.00125187
 0.0037375  0.00546133] [0.8575658  0.0159939  0.0284319  0.03180465 0.01840519 0.0117665
 0.01394887 0.02208317] [0.931976   0.00635424 0.01311278 0.01508084 0.00507272 0.0056105
 0.01173971 0.01105318] [0.9720057  0.00245244 0.00616352 0.00540071 0.00241811 0.00166579
 0.00432133 0.00557234] [0.9667342  0.00268919 0.00459641 0.00852911 0.00306491 0.00268347
 0.00476425 0.00693848] [0.87609017 0.01096486 0.03262752 0.02218916 0.01434512 0.01049178
 0.01458166 0.0187097 ] [0.9562845  0.00348366 0.01135527 0.00942457 0.00414376 0.0033959
 0.00526936 0.00664298] [0.97555894 0.00220674 0.00380887 0.0040511  0.00252335 0.00163932
 0.00430286 0.0059088 ] [0.9279961  0.00893184 0.0085047  0.01575848 0.01729924 0.00805467
 0.00513333 0.00832164] [0.96492106 0.00290131 0.00623371 0.00799625 0.00305963 0.00235576
 0.0049595  0.00757278] [0.02700826 0.06045578 0.64600104 0.14599721 0.01155862 0.04653966
 0.01345835 0.04898109] [0.95460075 0.00424199 0.00875102 0.00862131 0.00422673 0.0033112
 0.00711449 0.00913249] [0.9681546  0.00232099 0.00696868 0.0056909  0.00313533 0.0022447
 0.00418807 0.00729671] [0.00514514 0.06645588 0.6307511  0.16342409 0.00540068 0.0573632
 0.01128957 0.06017033] [0.9525568  0.00390592 0.00712526 0.01350289 0.0043522  0.00403943
 0.00685062 0.0076669 ] [0.92386687 0.00704223 0.01416838 0.02027978 0.00538276 0.00559258
 0.0120931  0.01157428] [0.9376896  0.00529969 0.01515504 0.01320915 0.00561637 0.00495248
 0.00832535 0.00975234] [0.9551783  0.00393337 0.0058371  0.01265849 0.00412412 0.00385897
 0.00631399 0.00809564] [0.7994872  0.02327462 0.03873508 0.03870456 0.03250816 0.01984066
 0.01868075 0.02876896] [0.9768533  0.0021625  0.00363467 0.00476741 0.00204236 0.00135776
 0.00385779 0.00532424] [0.9371261  0.00592495 0.01181937 0.01513094 0.00593639 0.00531452
 0.00833232 0.01041539] [0.96598244 0.00315338 0.00487219 0.00719191 0.00291683 0.00249905
 0.00624952 0.00713468] [0.93267053 0.00600086 0.01151341 0.0189525  0.00772902 0.00656547
 0.00656547 0.01000271] [0.78483564 0.02521291 0.04032233 0.04224535 0.04096334 0.02301517
 0.01629987 0.0271054 ] [0.87477976 0.01254719 0.02802334 0.03224896 0.00898516 0.01037337
 0.01635331 0.01668891] [0.95278937 0.00487978 0.00750853 0.00998085 0.00412053 0.00348338
 0.00807319 0.00916437] [0.9774887  0.00166503 0.00421884 0.00413492 0.0021304  0.00145523
 0.00343687 0.00546999] [0.9243975  0.00796579 0.01197157 0.01999077 0.00779793 0.00668775
 0.00848463 0.01270406] [0.9595056  0.00321972 0.00608465 0.01146737 0.0046312  0.00367749
 0.00417342 0.00724054] [0.93477    0.00634901 0.01131681 0.01578096 0.00642914 0.00584918
 0.00824914 0.01125576] [0.96523076 0.00329555 0.00479457 0.00735396 0.00294845 0.00252697
 0.00643853 0.00741118] [0.9685653  0.0024581  0.00713212 0.00615956 0.00330671 0.00223308
 0.0041229  0.00602226] [0.8662903  0.01779338 0.01889211 0.03952388 0.01399359 0.01297879
 0.01274989 0.01777812] [0.7876517  0.02482775 0.03637945 0.05487437 0.03656257 0.0245836
 0.01264277 0.02247774] [9.8508686e-01 1.3154155e-03 2.4514995e-03 2.3866349e-03 1.5281331e-03
 8.8616461e-04 2.2015800e-03 4.1437019e-03] [0.9316655  0.00759527 0.01091796 0.01828052 0.00664919 0.0060846
 0.00852989 0.01027707] [0.90175915 0.01149627 0.01678288 0.02550997 0.0091543  0.00965015
 0.0111301  0.01451719] [0.9597088  0.00382518 0.00620041 0.00882175 0.00341499 0.00304869
 0.00720774 0.00777245] [0.96651137 0.00319929 0.00503264 0.00634517 0.00309437 0.00235989
 0.00604756 0.0074097 ] [0.9679654  0.00299322 0.00598645 0.00563543 0.00313058 0.00210995
 0.00500206 0.00717687] [0.9404871  0.00492507 0.01002564 0.0165568  0.00631371 0.00537905
 0.00721785 0.00909479] [0.0027881  0.02379994 0.8577744  0.05052911 0.00244293 0.02344905
 0.00801722 0.03119928] [0.88964164 0.01010887 0.02444439 0.02336103 0.01553333 0.01007072
 0.01017754 0.01666247] [0.88319296 0.01434151 0.01852191 0.03167338 0.01173258 0.01259459
 0.01203009 0.01591297] [9.9433434e-01 5.4465415e-04 9.2095201e-04 7.2445680e-04 5.7851622e-04
 1.1941137e-04 9.8819914e-04 1.7894417e-03] [0.9667305  0.00311258 0.00485959 0.00685835 0.00265294 0.00223335
 0.00659134 0.00696134] [0.9576145  0.00400583 0.00771408 0.00775986 0.00411647 0.00307114
 0.00714182 0.00857629] [0.97663796 0.00230998 0.00291465 0.00425753 0.00202767 0.00144874
 0.0047344  0.00566908] [0.97054577 0.00238189 0.00483244 0.00557237 0.00348607 0.00236854
 0.00391325 0.00689967] [0.03807954 0.04943018 0.64686406 0.13779426 0.01031321 0.04375486
 0.02161808 0.05214579] [0.9003838  0.0108718  0.01783739 0.02548198 0.00922387 0.00904839
 0.01207724 0.01507557] [0.89095694 0.01298295 0.01673595 0.03231245 0.01023685 0.01065639
 0.01086998 0.01524848] [0.73110205 0.03351495 0.06715199 0.05619401 0.02669292 0.03220243
 0.02090869 0.03223296] [0.96001405 0.00396369 0.00575288 0.00843858 0.0031225  0.0027391
 0.00790449 0.00806472] [0.85447913 0.01628088 0.02349818 0.0279079  0.03686467 0.01683019
 0.00837695 0.01576209] [9.9192744e-01 7.1828201e-04 1.2610476e-03 9.9777291e-04 8.4991934e-04
 3.4602496e-04 1.2610476e-03 2.6384701e-03] [0.97014636 0.00227721 0.00519144 0.00617174 0.00284366 0.00210556
 0.00429886 0.00696515] [0.98317903 0.00128908 0.00213766 0.003278   0.00167809 0.00122997
 0.00272309 0.00448508] [0.9628631  0.00293533 0.00577147 0.00976535 0.00368871 0.00322333
 0.00452792 0.00722483] [0.8437693  0.01644935 0.03628623 0.03631675 0.01667824 0.01512944
 0.01551854 0.01985214] [0.9814865  0.00158889 0.00268184 0.00343719 0.00165946 0.0011559
 0.00319113 0.00479909] [0.9467412  0.00502758 0.00875821 0.01316783 0.00392899 0.00388321
 0.00900997 0.00948298] [0.9340963  0.00768292 0.00674067 0.01951629 0.01072709 0.00706874
 0.00572976 0.00843824] [0.9539505  0.00419932 0.00780364 0.01078626 0.00401243 0.00354139
 0.00674332 0.00896312] [0.84114176 0.02006133 0.0293826  0.03960396 0.01853575 0.01399716
 0.01425651 0.02302095] [0.9486599  0.00440183 0.00991748 0.01173314 0.0045506  0.00390024
 0.0073847  0.00945212] [0.91566706 0.00866831 0.01626835 0.02009889 0.00677594 0.00714983
 0.01215548 0.01321613] [0.81207365 0.01913598 0.04877081 0.03409074 0.02173017 0.01609925
 0.0190139  0.02908547] [0.00330059 0.05519052 0.69989395 0.1300396  0.00397979 0.04902432
 0.00887536 0.04969589] [0.928633   0.00688495 0.01003944 0.01745459 0.0136631  0.00722062
 0.00625558 0.00984872] [0.9293517  0.00749711 0.01126283 0.01799306 0.00621516 0.00601676
 0.01018691 0.01147649] [0.7060116  0.05123589 0.04623131 0.05285322 0.0557217  0.04269149
 0.01542569 0.02982911] [0.94493955 0.00501694 0.00778675 0.01549719 0.00525348 0.00482618
 0.00725644 0.00942345] [0.9433954  0.00579856 0.00775176 0.01422936 0.00443666 0.00465029
 0.01008644 0.00965155] [0.8529102  0.01890304 0.0170875  0.04183386 0.02445648 0.01737737
 0.00918453 0.01824701] [0.88720703 0.01086426 0.02706909 0.02789307 0.00788879 0.00895691
 0.01532745 0.0147934 ] [0.85750693 0.01529845 0.03174143 0.03696045 0.01167413 0.01302467
 0.0154358  0.01835814] [0.95731866 0.00352023 0.00577424 0.01227312 0.00416478 0.00369567
 0.00504579 0.00820751] [0.21118486 0.04565499 0.49390402 0.11554132 0.02430762 0.04434272
 0.01788357 0.04718089] [0.9505712  0.00350911 0.01254124 0.00961953 0.00620196 0.00407743
 0.00577858 0.00770096] [0.9749861  0.00224279 0.00407363 0.00454278 0.00246401 0.0016573
 0.00388101 0.0061524 ] [0.81969917 0.0286974  0.02163366 0.03615781 0.03814115 0.02340341
 0.01161017 0.02065725] [0.9426985  0.005557   0.01003082 0.01244889 0.00445856 0.00449289
 0.01029017 0.01002319] [9.9104577e-01 7.2896254e-04 1.3539919e-03 1.4836700e-03 8.8772282e-04
 4.2932032e-04 1.3301540e-03 2.7404032e-03] [0.9637495  0.00358538 0.00464192 0.00803277 0.00284732 0.00254219
 0.00722034 0.00738054] [0.94077444 0.0055381  0.00939798 0.01609557 0.0051338  0.00503463
 0.00781131 0.0102142 ] [0.8503247  0.01407236 0.03937819 0.02619108 0.01762861 0.01334738
 0.01623969 0.02281798] [0.9772995  0.00193834 0.00348959 0.00540029 0.00209948 0.00155792
 0.00333704 0.0048778 ] [0.8662704  0.01403142 0.02725407 0.03296125 0.01461892 0.01428321
 0.01219261 0.0183881 ] [0.865683   0.01446467 0.02976853 0.03323212 0.01046705 0.01161141
 0.01748577 0.01728742] [0.9052942  0.008774   0.02288871 0.02294974 0.00867482 0.00898763
 0.01058221 0.01184872] [0.799823   0.01817363 0.07000893 0.03784266 0.01514469 0.0181126
 0.01884504 0.02204945] [0.962195   0.00355835 0.00622043 0.00822271 0.0032971  0.00269641
 0.00596109 0.00784896] [0.94033283 0.0058664  0.01045882 0.01457064 0.00560321 0.00515694
 0.0082389  0.00977225] [0.89529604 0.01179988 0.01745193 0.02573549 0.01405002 0.00905395
 0.00940482 0.01720784] [0.9312589  0.00719534 0.01014826 0.0182516  0.00610803 0.00607751
 0.0095531  0.01140725] [0.90527344 0.00871277 0.01933289 0.02183533 0.01338959 0.00808716
 0.00865173 0.0147171 ] [0.96267396 0.00320935 0.00560253 0.00884811 0.00354687 0.00307586
 0.00533556 0.00770777] [0.97640795 0.00209775 0.00358334 0.00525963 0.00207296 0.00147605
 0.00377023 0.0053321 ] [0.94961286 0.00467254 0.00789564 0.01250334 0.00513407 0.00426059
 0.00648434 0.00943663] [0.8489333  0.01723862 0.02633084 0.04195239 0.01610972 0.01615548
 0.01282218 0.02045751] [0.8311181  0.02142498 0.02467535 0.04086616 0.02426333 0.0206925
 0.0138713  0.02308831] [0.8350183  0.01966993 0.02818492 0.03592166 0.02655212 0.01629751
 0.0143824  0.0239732 ] [0.9498212  0.00501311 0.0071     0.01155992 0.00389718 0.0037999
 0.00947685 0.00933187] [0.01179988 0.07200445 0.60434926 0.17952298 0.00909972 0.0580002
 0.01237958 0.05284395] [0.84063435 0.01876416 0.02599522 0.04134217 0.02147962 0.01734541
 0.01437823 0.02006087] [0.8881971  0.0124361  0.0184329  0.03006027 0.01548028 0.01063554
 0.00888838 0.01586938] [0.96963966 0.00288747 0.00390399 0.00662172 0.00246598 0.00214557
 0.00580926 0.00652636] [0.79293853 0.02542017 0.03265256 0.04980279 0.03521594 0.02354341
 0.0152048  0.02522182] [0.9817089  0.00162374 0.00291758 0.00272498 0.00196984 0.0010898
 0.00281651 0.00514866] [0.9756967  0.00203728 0.00382085 0.00486811 0.00240925 0.0017769
 0.00348512 0.00590582] [0.9590941  0.00356143 0.00520766 0.0115446  0.00402878 0.00362628
 0.00540986 0.00752726] [0.9759476  0.00172879 0.00471435 0.00458849 0.00257459 0.00172879
 0.00322872 0.00548864] [0.97949874 0.00169183 0.00416949 0.00342371 0.00205614 0.00160123
 0.00266077 0.0048981 ] [0.92150974 0.00589831 0.02246394 0.01403233 0.00842398 0.0059708
 0.01037736 0.01132353] [0.89005524 0.01034451 0.0259986  0.02674621 0.00790333 0.00948247
 0.01441061 0.01505905] [0.3859981  0.0740379  0.1904355  0.06488235 0.12121952 0.0900296
 0.02298044 0.05041658] [0.8936433  0.01145286 0.01959423 0.02679709 0.01059828 0.01198697
 0.00988868 0.01603858] [0.13000885 0.07092502 0.37696463 0.25025177 0.02105777 0.05966369
 0.02111881 0.07000946] [0.9785455  0.00181299 0.00340091 0.00390637 0.00226028 0.00147729
 0.00300035 0.00559633] [0.88964844 0.01067352 0.02651978 0.02616882 0.00804901 0.00863647
 0.01538086 0.0149231 ] [0.91110504 0.00858281 0.01296957 0.02796851 0.00941439 0.00939913
 0.00817083 0.01238976] [0.9526331  0.00421904 0.0067024  0.01323695 0.00490187 0.00422667
 0.0056114  0.0084686 ] [0.81283945 0.02058034 0.03829255 0.03749924 0.0287423  0.0174376
 0.0174376  0.02717093] [0.9251306  0.00747549 0.01167855 0.02093139 0.00521759 0.00620924
 0.0119913  0.0113658 ] [0.9802416  0.0017534  0.00409985 0.00280697 0.00196411 0.00105261
 0.0031197  0.00496177] [0.92419654 0.00823105 0.01030598 0.01766739 0.01620273 0.00845227
 0.00580522 0.00913883] [0.0056372  0.05562442 0.6883637  0.13584198 0.00559524 0.05074241
 0.01032088 0.04787423] [0.82701594 0.01879582 0.04049034 0.03634061 0.02007735 0.01526397
 0.016843   0.02517297] [0.90435207 0.00960599 0.02035647 0.02253861 0.00756882 0.00796557
 0.01361167 0.01400079] [0.97570413 0.00200868 0.00445611 0.00433402 0.00259049 0.00171205
 0.00343746 0.00575708] [0.842343   0.01413061 0.04352105 0.0276203  0.02334755 0.01513013
 0.01541243 0.01849492] [0.80609083 0.01898049 0.04992295 0.03487893 0.02396973 0.01789719
 0.02004852 0.02821135] [0.97376096 0.00215559 0.0041929  0.00522301 0.00291672 0.00206021
 0.00352524 0.00616536] [0.9028251  0.01082603 0.01322164 0.02496319 0.01523578 0.01004021
 0.0087127  0.01417531] [0.96012944 0.00368755 0.00740563 0.00738273 0.00382681 0.00287106
 0.00644034 0.00825645] [0.9641881  0.00336398 0.00586217 0.00750602 0.00284908 0.00241238
 0.00646479 0.00735346] [0.0041207  0.02214494 0.8624774  0.04673177 0.00266128 0.02138185
 0.00919526 0.03128678] [0.93379676 0.00677638 0.01047744 0.01889449 0.00688321 0.00649784
 0.00711214 0.00956171] [0.96940655 0.00227968 0.00612365 0.00596722 0.00299124 0.00212897
 0.0042236  0.00687909] [0.9705069  0.00260491 0.00403513 0.00623958 0.00256487 0.00215678
 0.00539289 0.00649893] [0.9550435  0.00357424 0.01044426 0.00910154 0.00402055 0.0027522
 0.00550441 0.00955928] [0.83523256 0.01807698 0.03133342 0.03447592 0.02669596 0.01550654
 0.01408784 0.02459079] [0.93008    0.00732728 0.01053511 0.01795775 0.0065873  0.00643473
 0.00924587 0.01183197] [0.9051284  0.01111425 0.01395956 0.02770552 0.00874951 0.00897836
 0.01067944 0.01368494] [0.8199556  0.0202364  0.03922137 0.03897719 0.02237297 0.0149789
 0.01756568 0.0266919 ] [0.3662389  0.04870977 0.28615466 0.14881507 0.03015367 0.04626818
 0.01960904 0.05405075] [0.9179898  0.00976585 0.01141384 0.01928755 0.01570165 0.00827045
 0.00666061 0.01091028] [0.9046195  0.01101483 0.01260145 0.02799475 0.01252517 0.00921462
 0.00807805 0.01395161] [0.7432945  0.04141962 0.03861151 0.04489924 0.05307938 0.03867256
 0.01383452 0.02618868] [0.9389362  0.00582105 0.01069609 0.01785224 0.00652675 0.00595075
 0.00573331 0.00848363] [0.9673313  0.00305572 0.00515772 0.00641663 0.00315872 0.00230609
 0.00546291 0.00711093] [0.9269558  0.00770734 0.01107262 0.01944385 0.00657794 0.00672293
 0.00967614 0.01184335] [0.9252506  0.00649613 0.01898107 0.01539541 0.0053594  0.00539374
 0.01187842 0.01124521] [0.00306054 0.02378256 0.86209095 0.04841939 0.0027173  0.02283674
 0.00752835 0.0295642 ] [0.8582871  0.0198186  0.0172402  0.03310728 0.02759957 0.01699609
 0.01033649 0.01661467] [0.89633393 0.0120753  0.01658352 0.02778159 0.01126672 0.00956566
 0.01042    0.01597327] [0.95006484 0.00489358 0.00661759 0.0146922  0.00474865 0.00447021
 0.00650317 0.00800976] [0.9705791  0.00249068 0.00467241 0.00609892 0.00256124 0.00199865
 0.00512248 0.00647653] [0.9453666  0.00539429 0.00927025 0.01253581 0.00469616 0.00445582
 0.00831652 0.00996456] [0.7890625  0.02523804 0.04135132 0.0480957  0.02857971 0.01927185
 0.0194397  0.02896118] [0.93864846 0.00630303 0.00990477 0.01455955 0.0049562  0.00528432
 0.00975978 0.01058391] [0.9773648  0.00190129 0.00426407 0.00425263 0.0020672  0.00168484
 0.00338875 0.00507646] [0.91896284 0.00897997 0.01177238 0.02301069 0.00722517 0.0069467
 0.01075002 0.01235223] [0.9762967  0.00213672 0.00379267 0.00396819 0.0024019  0.0015062
 0.00397201 0.00592558] [0.9272249  0.00735457 0.01284761 0.01827961 0.00629792 0.00582491
 0.00988747 0.01228304] [0.9204523  0.00883524 0.0123373  0.02070712 0.00767552 0.00756871
 0.00981185 0.01261197] [0.9425015  0.0056312  0.0075655  0.01635948 0.00589826 0.00521535
 0.00674142 0.01008733] [0.9298613  0.00715008 0.00918751 0.02107633 0.00566588 0.00627253
 0.01021004 0.01057632] [0.74846095 0.0377465  0.03091124 0.06099859 0.04818248 0.03448144
 0.01216768 0.02705115] [0.8190039  0.02318252 0.03235481 0.04837959 0.017612   0.02226682
 0.01317848 0.02402192] [0.9701778  0.00265111 0.00463849 0.0065     0.00239935 0.00187676
 0.00521831 0.00653814] [0.86928654 0.0154979  0.02428081 0.03198779 0.01495612 0.01080504
 0.0127356  0.02045021] [0.9264498  0.00780257 0.00957675 0.02145803 0.00764996 0.0069937
 0.00851606 0.01155315] [0.9007483  0.01104576 0.01792648 0.02512758 0.00972607 0.00818515
 0.01155686 0.01568376] [0.8834288  0.01326181 0.01895416 0.03247541 0.01098029 0.01067507
 0.01389514 0.01632927] [0.9469146  0.00497127 0.00971363 0.01152206 0.00451726 0.00420822
 0.00882849 0.00932447] [0.9099688  0.01027468 0.01249437 0.02074768 0.01542346 0.00909237
 0.00829144 0.0137072 ] [0.9352798  0.00591036 0.01329355 0.01478163 0.00476568 0.00478476
 0.01072184 0.01046237] [0.00252173 0.02060109 0.8784917  0.04205675 0.00227375 0.02156248
 0.00674877 0.02574374] [0.97319096 0.00221454 0.00561932 0.00526072 0.00237476 0.00195322
 0.00388164 0.00550487] [0.9765653  0.00215722 0.00391389 0.00401307 0.00230027 0.00140095
 0.00380899 0.00584032] [0.95090306 0.00504801 0.00844769 0.01061494 0.00442989 0.00373736
 0.00773036 0.00908871] [0.02536985 0.02143394 0.8562591  0.03917605 0.00734932 0.01829131
 0.00932872 0.02279167] [0.9385517  0.00602389 0.00952225 0.01533631 0.00582169 0.00568435
 0.00861428 0.01044548] [0.87226665 0.01620848 0.01816205 0.02963924 0.02794513 0.01449148
 0.00774939 0.01353759] [0.858536   0.01790143 0.02229666 0.03555867 0.01988539 0.01349093
 0.01204874 0.02028218] [0.87187076 0.01452304 0.02150997 0.03417186 0.01890131 0.01225
 0.00929048 0.01748257] [0.93004096 0.00755201 0.009276   0.02259499 0.00623613 0.00586234
 0.0081699  0.01026768] [0.8447524  0.01433607 0.0435194  0.03176977 0.01496933 0.01201666
 0.01577807 0.02285836] [0.9005899  0.00992804 0.01584213 0.02869287 0.01035538 0.01035538
 0.009722   0.01451432] [0.8207507  0.01791272 0.04571254 0.03101923 0.02267318 0.01685993
 0.01953006 0.02554165] [0.76889634 0.03569876 0.01905459 0.03267809 0.08152742 0.03518006
 0.00882553 0.01813924] [0.773914   0.02593955 0.04202206 0.04403619 0.03982483 0.02267421
 0.02038543 0.03120375] [0.85513055 0.0154675  0.02698227 0.03241536 0.02066403 0.01285779
 0.01444498 0.02203756] [9.8606038e-01 1.1618352e-03 2.5926665e-03 2.1080917e-03 1.4565864e-03
 6.1668834e-04 2.1576937e-03 3.8460749e-03] [0.9660451  0.00270907 0.0056547  0.00742894 0.0034035  0.00256026
 0.00473514 0.00746328] [0.9336044  0.00644691 0.01036084 0.01763936 0.00703057 0.00627143
 0.00753793 0.01110853] [0.95901364 0.00370991 0.00651952 0.00988037 0.0036317  0.00303468
 0.00594729 0.00826289] [0.59868765 0.05710362 0.0873493  0.0949794  0.04230124 0.05786663
 0.02050969 0.0412025 ] [9.8261023e-01 1.5242638e-03 3.3098843e-03 2.8157863e-03 1.6778348e-03
 9.5194945e-04 2.7719089e-03 4.3381425e-03] [0.92386335 0.00750761 0.01506863 0.01751776 0.0064242  0.00625634
 0.01135297 0.01200913] [0.9314381  0.00730737 0.00996945 0.01783365 0.00551485 0.00618228
 0.01051102 0.01124328] [0.03778365 0.09009477 0.50247973 0.20948865 0.01753369 0.06415284
 0.01648075 0.06198593] [0.6084634  0.0385173  0.15529002 0.08149064 0.0255612  0.02502709
 0.0240199  0.04163042] [9.8672938e-01 1.1738695e-03 2.2714518e-03 1.7040657e-03 1.3607732e-03
 6.0982094e-04 2.0883626e-03 4.0622940e-03] [0.8476692  0.01660182 0.03341726 0.03320363 0.01782254 0.01226062
 0.0154345  0.02359045] [0.95116824 0.00434492 0.00757215 0.01241298 0.00476454 0.00421904
 0.00665281 0.00886532] [0.96954906 0.00243524 0.00541588 0.00570193 0.00338874 0.00240663
 0.00398563 0.00711692] [0.9332657  0.00621139 0.01162156 0.01715382 0.00662345 0.00665016
 0.00730258 0.01117135] [0.8543814  0.01476859 0.03795894 0.0333819  0.01204525 0.01357856
 0.01621799 0.01766739] [0.94353217 0.0057498  0.00845492 0.01385752 0.0043114  0.00449072
 0.00970637 0.00989714] [0.849955   0.01325766 0.04369384 0.03081758 0.01357804 0.01186172
 0.01485194 0.02198423] [0.83760685 0.02106227 0.02345849 0.04093407 0.02471001 0.01391941
 0.01510989 0.02319902] [0.5395261  0.05999481 0.08037962 0.0567601  0.13195197 0.07006516
 0.01966768 0.04165459] [0.8504432  0.01585122 0.02950555 0.03040566 0.02419638 0.01374586
 0.01307459 0.02277755] [0.9393456  0.00463814 0.01525704 0.01103084 0.0064728  0.00432537
 0.00721277 0.01171741] [0.45016098 0.06087792 0.11052623 0.03613006 0.2162921  0.07073435
 0.01872111 0.03655727] [0.93509424 0.00633264 0.0115666  0.014855   0.00499363 0.00521489
 0.0109486  0.01099438] [0.9760407  0.0023822  0.00320424 0.0042418  0.00229446 0.00152583
 0.00440964 0.00590113] [0.92082465 0.00752579 0.01739363 0.01885835 0.00672096 0.00618694
 0.0101768  0.01231286] [0.79818153 0.02427192 0.03636974 0.03929884 0.03295245 0.02029016
 0.02007658 0.02855879] [0.94275963 0.00571756 0.00942119 0.01336512 0.00485554 0.00470297
 0.00894059 0.01023744] [0.92863655 0.00722064 0.01103122 0.01913299 0.00613736 0.00623653
 0.01025308 0.01135163] [0.9775931  0.00170145 0.00437188 0.00464274 0.00247588 0.00149544
 0.00326747 0.004452  ] [0.03418386 0.04657551 0.65437675 0.13527042 0.00883592 0.04306556
 0.02266207 0.05502991] [0.58750093 0.0422129  0.15590996 0.0935826  0.02861503 0.02898131
 0.02202213 0.04117512] [0.93247133 0.00619029 0.0133341  0.01675153 0.00579743 0.00530923
 0.00923775 0.01090833] [0.9303603  0.00602842 0.01723059 0.01415533 0.00666941 0.00522717
 0.00792088 0.01240786] [0.03066806 0.08330727 0.48238876 0.2394855  0.01441094 0.06725612
 0.01687506 0.06560829] [0.9230593  0.00707023 0.01610165 0.01800942 0.0056661  0.00615449
 0.01215636 0.01178244] [0.00896512 0.03952283 0.7485837  0.1006535  0.00483353 0.03671503
 0.01406189 0.0466644 ] [0.9230417  0.00806593 0.01180511 0.02025259 0.00567362 0.00648251
 0.01261399 0.01206456] [0.96049684 0.0035612  0.0053561  0.01038412 0.0029985  0.00286689
 0.0067905  0.00754585] [0.95406514 0.00411972 0.00756044 0.01200821 0.00488263 0.00397476
 0.00496655 0.00842253] [0.92528594 0.00811761 0.01251974 0.01840196 0.0064506  0.00673289
 0.01032249 0.01216879] [0.00253327 0.02809491 0.8340878  0.06195837 0.00252374 0.02763709
 0.00815683 0.035008  ] [0.97613937 0.00227753 0.00396755 0.00401333 0.00236909 0.00138674
 0.00395992 0.00588647] [0.9766789  0.00197243 0.00386475 0.00475749 0.0021918  0.00156898
 0.00336878 0.00559683] [0.00715228 0.04482861 0.7382531  0.11040839 0.00533656 0.03826758
 0.01174882 0.04400467] [0.00695064 0.07293979 0.6006088  0.1755438  0.0071719  0.06457766
 0.01202438 0.06018296] [0.95789456 0.00399733 0.00626681 0.01000858 0.00320778 0.0029713
 0.00754458 0.00810909] [0.8641655  0.01425782 0.02689837 0.02816472 0.02033779 0.01219047
 0.01257953 0.0214058 ] [0.0273337  0.03617023 0.77211994 0.08119225 0.01165994 0.03201905
 0.01166757 0.02783734] [0.8914179  0.01064081 0.02581255 0.02503452 0.01005347 0.01177736
 0.01007635 0.015187  ] [0.975929   0.00225034 0.00313712 0.00463798 0.002052   0.0016458
 0.00464561 0.00570212] [0.9359031  0.00650696 0.01026772 0.01633986 0.00602637 0.00561826
 0.00863526 0.01070253] [0.00902695 0.06836981 0.5992125  0.18044746 0.0071422  0.0615023
 0.01352898 0.06076977] [0.62586194 0.06203088 0.05659974 0.08824068 0.05409776 0.05797279
 0.01696467 0.03823153] [0.9227565  0.00769345 0.01343398 0.02055147 0.00565661 0.0063203
 0.01199217 0.01159549] [0.93587095 0.00555704 0.00820016 0.0196041  0.00993173 0.00684237
 0.00559518 0.00839849] [0.9498882  0.00475402 0.00581089 0.01648264 0.00541027 0.00481888
 0.00505925 0.00777584] [0.9585564  0.00399424 0.00663036 0.00886591 0.00384164 0.00316068
 0.00671047 0.00824026] [0.97876775 0.00182775 0.00390531 0.00304149 0.00227873 0.00129287
 0.00320739 0.00567871] [0.8993695  0.01010845 0.01992699 0.0297379  0.00753365 0.00765953
 0.01209962 0.01356439] [0.8927143  0.01062937 0.01980893 0.02922504 0.01084302 0.01087355
 0.01069041 0.01521533] [0.9262766  0.0076676  0.01261911 0.01828017 0.00737005 0.00651555
 0.00893409 0.01233683] [0.9531468  0.00404367 0.00831623 0.01058984 0.00460826 0.00391015
 0.00622954 0.00915548] [0.8741702  0.01290347 0.02541015 0.02724151 0.01825258 0.01049218
 0.01164441 0.01988554] [0.8987612  0.0085281  0.02862025 0.01939037 0.01030543 0.0083374
 0.00994691 0.01611033] [0.85077417 0.01855879 0.02512152 0.03607976 0.02122967 0.01314072
 0.01265997 0.02243538] [0.8817956  0.01254215 0.02447398 0.02731198 0.0128168  0.00879629
 0.01233617 0.01992707] [0.87332195 0.01157097 0.03472053 0.02332499 0.01351599 0.00974036
 0.01345497 0.02035026] [0.9003048  0.00926883 0.02311486 0.02122295 0.01077168 0.00717476
 0.01058096 0.01756119] [0.9609943  0.00337239 0.00590169 0.00978909 0.00426508 0.00318737
 0.00482969 0.00766037] [0.9159737  0.00744595 0.01814187 0.01672287 0.01154275 0.00720182
 0.01060437 0.01236668]",0 2 4 0 0 0 0 0 0 0 0 0 2 0 0 0 0 2 0 0 0 2 0 0 0 0 0 0 0 0 0 0 1 0 0 2 0 0 0 0 0 0 3 0 0 0 0 0 0 0 0 0 0 0 0 0 1 0 0 0 0 0 0 0 0 3 0 0 0 0 0 0 0 0 0 0 0 0 0 0 0 0 0 0 2 0 0 3 0 2 0 0 4 0 0 0 5 0 0 0 7 0 0 0 0 0 0 3 0 0 0 0 0 0 0 2 0 0 0 0 0 0 0 2 0 0 0 0 0 0 0 0 0 0 0 0 0 0 0 0 0 0 2 0 0 0 0 0 0 0 0 0 7 0 0 0 0 0 0 3 4 0 0 0 0 0 0 0 0 0 0 0 0 0 0 3 0 0 5 0 3 0 0 0 0 0 0 0 1 0 0 0 2 0 7 0 0 0 0 0 6 2 0 0 0 0 3 0 0 0 0 2 0 0 0 0 0 0 0 4 3 0 0 0 0 0 0 0 2 7 0 0 0 0 1 0 0 0 0 0 0 0 0 0 0 0 0 0 0 0 0 0 6 2 0 0 0 2 0 0 0 0 0 0 0 7 0 0 0 0 0 0 0 0 0 0 0 3 0 0 0 0 0 0 0 0 4 0 0 0 0 0 0 0 0 0 0 0 0 2 0 0 0 1 0 2 0 0 0 0 2 0 0 2 3 0 0 2 0 7 0 2 5 0 0 0 0 0 0 0 0 0 0 0 0 0 0 0 0 0
46980,1,wide-v2-5k-nocat,0.5,17,0,0.8911764705882353,0.8191140144988913,"[0.9605958  0.00395644 0.00761148 0.00572292 0.00396408 0.00312471
 0.00598236 0.00904221] [0.94794196 0.00520046 0.00790562 0.01188895 0.0045671  0.00469301
 0.00611999 0.01168292] [0.68271095 0.03745021 0.09150427 0.05228379 0.05121553 0.04077708
 0.01020953 0.03384864] [0.9560729  0.00535975 0.00693144 0.00795761 0.00466165 0.00374229
 0.00669874 0.0085756 ] [0.9145926  0.00763356 0.00804938 0.02958815 0.00617628 0.00965926
 0.0073627  0.01693803] [0.9733506  0.00135641 0.00166547 0.00702434 0.00167119 0.00365907
 0.0032985  0.00797441] [0.86852646 0.01821635 0.02480719 0.02767543 0.01797225 0.01061858
 0.01541677 0.01676698] [0.82454973 0.02652997 0.0299778  0.04402847 0.02247191 0.01094609
 0.0184291  0.02306689] [0.9122555  0.00914911 0.01290337 0.02727183 0.00758483 0.00752379
 0.0085234  0.01478814] [0.05858928 0.06438718 0.4616347  0.24802795 0.01443371 0.06579088
 0.01017684 0.07695946] [0.8767391  0.01560593 0.02068587 0.03328655 0.01422535 0.01138028
 0.01204387 0.01603307] [0.02671763 0.05255027 0.6264529  0.17638823 0.00951367 0.04977322
 0.00565709 0.05294699] [0.8169818  0.0254849  0.04456042 0.03351188 0.02253964 0.01097224
 0.019045   0.02690412] [0.00699674 0.00842356 0.9507634  0.01243696 0.00206774 0.00607732
 0.00097283 0.01226147] [0.97918135 0.00162059 0.00322782 0.00186096 0.00201262 0.00206031
 0.00363416 0.00640222] [0.05099137 0.0618854  0.50924236 0.2378987  0.01363279 0.07006355
 0.00685073 0.04943508] [0.8511651  0.01973172 0.02374521 0.04300386 0.01565719 0.01086542
 0.01443636 0.02139511] [0.8484904  0.02204525 0.03179398 0.02875799 0.01932964 0.00912322
 0.01670557 0.02375395] [0.9112753  0.01171295 0.01632946 0.019458   0.00873702 0.00639062
 0.01069045 0.01540616] [0.9580846  0.00313402 0.00448263 0.01058282 0.00385506 0.0050854
 0.00530667 0.00946884] [9.8622793e-01 5.7834474e-04 9.9172059e-04 1.7641183e-03 7.4855832e-04
 1.8928513e-03 1.7812827e-03 6.0151666e-03] [0.93663776 0.00762651 0.00991179 0.01545904 0.00560829 0.00521914
 0.00764177 0.01189568] [0.91376245 0.01112595 0.01932161 0.01168301 0.01256057 0.00668473
 0.01068335 0.01417834] [0.7759263  0.03244217 0.04358176 0.04278826 0.03637917 0.01495453
 0.02597204 0.02795581] [0.92102844 0.00890476 0.01791635 0.01539066 0.01053768 0.00721461
 0.00813408 0.01087342] [0.9706587  0.00287996 0.00372679 0.00481774 0.00251186 0.00285136
 0.00455073 0.00800287] [0.9480903  0.00537405 0.00567536 0.01609544 0.00436331 0.00454639
 0.00592328 0.00993188] [0.9491608  0.00550809 0.00981843 0.00669057 0.00581324 0.00445529
 0.00773573 0.01081782] [0.79244417 0.03037886 0.02529791 0.02947863 0.05154183 0.02885305
 0.01597522 0.0260303 ] [0.90245044 0.01081213 0.02591249 0.01776333 0.01114023 0.00748914
 0.00949972 0.01493249] [0.7876758  0.02949817 0.05090837 0.03857804 0.02852151 0.01319253
 0.02256999 0.02905562] [0.7676367  0.03662389 0.0469091  0.05432544 0.02539256 0.01464956
 0.02299675 0.03146602] [0.96300817 0.0040517  0.00604703 0.00521533 0.00376366 0.00312653
 0.00579905 0.00898852] [0.91484016 0.01078562 0.01284511 0.02270014 0.00829135 0.00667808
 0.00977876 0.0140808 ] [0.96577793 0.00340256 0.00600788 0.00337586 0.00402433 0.00303827
 0.0059583  0.00841485] [0.9542581  0.00546736 0.00855395 0.00645553 0.00500952 0.00310949
 0.00757723 0.00956883] [0.91198415 0.01045846 0.01746891 0.01482188 0.01457014 0.01003128
 0.00793348 0.01273171] [0.88993305 0.01285259 0.0233101  0.02421016 0.01399674 0.00980916
 0.01053378 0.01535446] [0.92661995 0.00960398 0.01510395 0.01359356 0.00808595 0.00456551
 0.00922257 0.01320452] [0.95695096 0.00451241 0.00631661 0.00824668 0.00420344 0.00402798
 0.0060763  0.00966563] [0.9443143  0.00691207 0.00913981 0.01136754 0.00617967 0.0046996
 0.0079115  0.00947549] [0.9355219  0.00861336 0.01132172 0.01258816 0.00693493 0.00491701
 0.00895667 0.01114625] [0.07708446 0.0676854  0.31663832 0.33934253 0.01791313 0.11699993
 0.01071889 0.05361734] [0.87124664 0.01549802 0.02012987 0.0358034  0.01481888 0.01275096
 0.01204893 0.0177033 ] [0.938362   0.00733477 0.01115281 0.01307519 0.006755   0.00527127
 0.00800226 0.01004669] [0.9551911  0.00538699 0.00706947 0.0082102  0.00439124 0.00376937
 0.00651246 0.0094692 ] [0.7122937  0.04882067 0.05031581 0.07152229 0.03548653 0.01810942
 0.02646996 0.03698166] [0.95694363 0.00508453 0.00675521 0.00790333 0.00420341 0.0037762
 0.00638522 0.00894846] [0.95595986 0.00419957 0.00583972 0.0079643  0.00499676 0.00460388
 0.00626693 0.01016897] [0.86465377 0.01659979 0.01955968 0.03933296 0.01473079 0.01292281
 0.01297621 0.01922402] [0.85986984 0.01898208 0.02351397 0.03839141 0.01538098 0.01111611
 0.01493847 0.01780714] [0.84074336 0.01812578 0.01971255 0.05581154 0.01399103 0.01707302
 0.01153459 0.02300815] [0.93162286 0.00682818 0.01489229 0.01452609 0.00690828 0.00596607
 0.00721727 0.01203895] [0.00321805 0.0223108  0.85653925 0.06818375 0.00215173 0.02351637
 0.00115884 0.02292122] [0.8910861  0.01293906 0.01363331 0.03610119 0.01053587 0.00911685
 0.01021545 0.01637218] [0.962518   0.00295865 0.00343746 0.01068244 0.00288426 0.00429968
 0.0044294  0.00879012] [1.9321128e-03 6.2292996e-03 9.6433985e-01 1.1894033e-02 8.0059661e-04
 4.8140697e-03 4.9924041e-04 9.4908131e-03] [0.9434673  0.00663833 0.01042295 0.01060607 0.00565403 0.0048147
 0.00732506 0.01107152] [0.8935138  0.01242771 0.01716535 0.02549627 0.01626512 0.01177925
 0.01020003 0.01315247] [0.83922744 0.02061148 0.02399841 0.04332835 0.02209136 0.01402069
 0.01694993 0.01977237] [0.8630102  0.01791833 0.02129137 0.03870603 0.01445371 0.00998176
 0.01382031 0.02081823] [0.8798694  0.01169568 0.01180249 0.03942811 0.01290874 0.016052
 0.01031478 0.0179288 ] [0.978199   0.00188479 0.0039718  0.00221291 0.00224725 0.00213661
 0.00359789 0.00574976] [0.92930204 0.00752342 0.01614559 0.01363524 0.00893501 0.00658108
 0.00758446 0.01029319] [0.9404082  0.00736601 0.0126111  0.00735075 0.00661453 0.0042037
 0.0082777  0.01316803] [0.864238   0.01962235 0.02635133 0.02950982 0.01591455 0.00922373
 0.015823   0.01931719] [0.8209261  0.01814547 0.01782499 0.06269267 0.0191527  0.02516558
 0.01309404 0.0229985 ] [0.9822158  0.00113845 0.00236843 0.00170291 0.0015084  0.00189169
 0.003156   0.00601833] [9.8773313e-01 5.3354847e-04 9.3120657e-04 1.9444242e-03 6.8517349e-04
 1.9873369e-03 1.5086214e-03 4.6765357e-03] [0.96108234 0.00450965 0.00563134 0.00703918 0.00375614 0.00348716
 0.00590223 0.00859199] [0.88643336 0.01517834 0.02551854 0.01694113 0.01855894 0.0090658
 0.01197326 0.01633064] [0.7921493  0.02915007 0.04483922 0.04105429 0.02715077 0.01613174
 0.01848206 0.03104253] [0.8889906  0.01345569 0.01538555 0.03304423 0.01065623 0.01030535
 0.01101474 0.01714761] [0.9219805  0.00946153 0.01059081 0.02250929 0.00804993 0.00679857
 0.00905713 0.01155223] [0.0153592  0.03815003 0.7290623  0.12501001 0.0063825  0.04028643
 0.00302148 0.04272803] [0.9658277  0.0039635  0.00508122 0.00513462 0.00348285 0.00299075
 0.00565342 0.00786597] [0.9763316  0.00213954 0.00318071 0.00266775 0.00201368 0.00219103
 0.00393584 0.00753987] [0.9838483  0.00116058 0.00184815 0.00161832 0.00142759 0.00169557
 0.00309551 0.00530604] [0.9733655  0.00231223 0.00427343 0.00363051 0.0023294  0.00239045
 0.00438027 0.00731825] [0.9577095  0.00353693 0.0039986  0.01150741 0.00338049 0.0046663
 0.0050364  0.01016437] [0.98161286 0.00155857 0.00239032 0.00305228 0.00145269 0.00178749
 0.00298742 0.00515835] [0.80482256 0.02673789 0.03116368 0.05091187 0.02849294 0.01631438
 0.0203739  0.02118276] [0.96301    0.00344701 0.00545569 0.00626451 0.00469647 0.00419669
 0.00539465 0.00753496] [0.02911921 0.05530819 0.45394227 0.29253516 0.01030161 0.11183731
 0.00535302 0.04160323] [0.9388001  0.00794843 0.01193028 0.00955033 0.00609482 0.00416492
 0.00801709 0.01349403] [0.9275928  0.00919202 0.01338755 0.01399017 0.00829189 0.00600342
