dataset_id,fold,checkpoint,sparsity,features,features_added,accuracy,roc_auc_score,prediction_probas,ground_truth
46980,0,wide-v2-5k-nocat,0.02,17,0,0.8970588235294118,0.7556721049104743,"[0.9316904  0.00601991 0.014695   0.01602258 0.00664556 0.00584443
 0.00891924 0.0101629 ] [0.01662942 0.06273409 0.61611223 0.16720954 0.00861221 0.0519326
 0.01727018 0.05949974] [0.7891829  0.02168605 0.05405488 0.04196807 0.02312059 0.01909166
 0.02115191 0.02974392] [0.9688036  0.00273147 0.00504331 0.00682869 0.00264755 0.00219548
 0.00513868 0.00661124] [0.979059   0.00203526 0.002865   0.00344296 0.00197994 0.00143536
 0.00394462 0.00523787] [9.8487502e-01 1.2989199e-03 3.0975712e-03 2.0637759e-03 1.5669055e-03
 7.7868433e-04 2.4261763e-03 3.8929449e-03] [0.85560584 0.01549015 0.0302325  0.0302325  0.01893919 0.01262867
 0.01449817 0.02237297] [0.98448485 0.00125899 0.0026229  0.00274307 0.00160044 0.00116457
 0.00229289 0.00383229] [0.88440555 0.01416221 0.01785537 0.03059831 0.01225458 0.01166704
 0.01336864 0.01568831] [0.9336294  0.00688961 0.01081889 0.01546537 0.00517293 0.00548574
 0.01144453 0.01109356] [0.86249554 0.01342307 0.03317995 0.03333257 0.01240051 0.01479667
 0.01214868 0.01822303] [0.9658719  0.00315302 0.00574906 0.00626025 0.00325411 0.00245107
 0.00606188 0.00719872] [0.02469042 0.04333794 0.7227059  0.10645262 0.0094611  0.03888207
 0.01519117 0.03927882] [0.922409   0.00697361 0.01753322 0.01672446 0.00571851 0.00653872
 0.01256624 0.01153622] [0.796026   0.02953049 0.02392961 0.04657729 0.03739002 0.02467742
 0.01381905 0.02805015] [0.90037    0.0100248  0.01733359 0.02377265 0.01388518 0.00941446
 0.00996376 0.01523555] [0.9015426  0.00860763 0.02679965 0.01829885 0.00975989 0.00711579
 0.01101136 0.01686424] [0.00820932 0.06475904 0.636726   0.16345403 0.0072976  0.05639713
 0.0120088  0.05114805] [0.7944336  0.01908875 0.0614624  0.03912354 0.01823425 0.01725769
 0.02052307 0.02987671] [0.9449576  0.00504756 0.00991198 0.01331517 0.00482627 0.00420057
 0.00793569 0.00980516] [0.93281645 0.00678398 0.01185098 0.01712402 0.00519673 0.00544092
 0.00993559 0.01085132] [0.8626679  0.01626351 0.02334256 0.03170317 0.01940637 0.01311303
 0.01270873 0.02079472] [0.97383994 0.00195163 0.00631085 0.00521198 0.00237706 0.00185529
 0.0034931  0.00496016] [0.9178357  0.00820804 0.01446324 0.02061164 0.00888696 0.00920734
 0.00804784 0.01273924] [0.9618058  0.00310863 0.00679703 0.00914661 0.00411178 0.00328981
 0.00456949 0.00717082] [0.96526945 0.00317553 0.00620992 0.00654941 0.00334718 0.00255187
 0.00560724 0.00728941] [0.97644144 0.0021989  0.00451223 0.00366166 0.0021989  0.00135214
 0.00408503 0.0055497 ] [0.93224627 0.00684443 0.01100297 0.01843494 0.0056312  0.00571895
 0.0095761  0.01054515] [0.94937086 0.00454403 0.01092704 0.00988928 0.00444102 0.00387254
 0.00795873 0.0089965 ] [0.93374336 0.00698583 0.01012583 0.01651265 0.00558561 0.00546734
 0.01059893 0.01098046] [0.902684   0.01011492 0.02022984 0.02357096 0.00776926 0.00800955
 0.01390611 0.0137154 ] [0.98082703 0.00184893 0.00242583 0.00316387 0.00167062 0.00124915
 0.00401634 0.00479825] [0.90179354 0.00975733 0.02044537 0.02418352 0.00727794 0.00872743
 0.0140829  0.01373197] [0.86235076 0.01504597 0.02876435 0.02874909 0.01747225 0.01163545
 0.01544272 0.02053943] [0.9734035  0.00227112 0.00405788 0.00528974 0.00233405 0.00193455
 0.00466809 0.00604106] [0.69231945 0.04180526 0.04467364 0.03503097 0.10582528 0.04018797
 0.0146471  0.02551036] [0.76139313 0.03815512 0.03098196 0.04563353 0.04999847 0.03455328
 0.01340008 0.02588444] [0.8541929  0.01585739 0.03044802 0.03391253 0.01482719 0.01555978
 0.01438459 0.02081759] [0.8100524  0.02569561 0.02955605 0.04214446 0.03259252 0.02275068
 0.01357259 0.02363568] [0.9540433  0.00415014 0.00722078 0.01082545 0.00413488 0.00403952
 0.00701861 0.00856729] [0.90415204 0.01025226 0.01749903 0.02415079 0.00887919 0.00829182
 0.01162533 0.01514955] [0.86528057 0.01488574 0.02919162 0.02929844 0.01444321 0.01130737
 0.01416854 0.02142448] [0.00575945 0.06969311 0.6122253  0.17307326 0.00682742 0.06233933
 0.01277758 0.05730458] [0.78055924 0.0243162  0.05168337 0.04710692 0.02506369 0.0194194
 0.02106692 0.03078425] [0.79245627 0.0249321  0.03845097 0.03884769 0.03283591 0.02221612
 0.02111752 0.0291434 ] [9.8759329e-01 1.0221322e-03 2.1891936e-03 2.3264950e-03 1.2233168e-03
 6.2834437e-04 2.0175669e-03 2.9996529e-03] [0.9846379  0.00134247 0.00229211 0.00227495 0.0015446  0.00106406
 0.00273261 0.0041113 ] [0.9453666  0.00555452 0.00808762 0.01279523 0.00465038 0.00481442
 0.00901846 0.00971278] [0.96045285 0.00377466 0.00563433 0.00873569 0.00312997 0.00304414
 0.00754931 0.00767901] [0.83199316 0.02020171 0.02866995 0.04476724 0.01995758 0.01928623
 0.01341186 0.02171226] [0.98220736 0.00128813 0.00263729 0.00319411 0.00185926 0.0014035
 0.00298244 0.0044279 ] [0.936302   0.00629658 0.01077779 0.01685698 0.00670847 0.00581604
 0.00753225 0.00970992] [0.896416   0.01176363 0.01733266 0.02932516 0.00835355 0.00942158
 0.01301475 0.01437268] [0.9517836  0.00424631 0.00761512 0.01220861 0.00481477 0.00424631
 0.00623402 0.00885125] [0.9671081  0.00320567 0.0049315  0.00674315 0.00273654 0.0024257
 0.00606044 0.00678892] [0.96624964 0.00291807 0.00468416 0.00780058 0.0031107  0.00276739
 0.00555386 0.00691562] [0.8905163  0.00955084 0.0298578  0.02520444 0.00802514 0.00833791
 0.01254882 0.01595875] [0.93273103 0.00569604 0.01584056 0.01481809 0.00665746 0.00552436
 0.00843914 0.01029331] [0.7799577  0.0304175  0.036385   0.04291721 0.03803332 0.03369886
 0.01395725 0.02463314] [0.895419   0.01210665 0.01470038 0.02351146 0.01898005 0.01132853
 0.00922302 0.0147309 ] [0.88855666 0.01313611 0.01919307 0.02982706 0.00975673 0.01048906
 0.01413543 0.0149059 ] [9.8805273e-01 1.0840769e-03 2.1071329e-03 1.4769000e-03 1.1727482e-03
 6.0115266e-04 2.0384842e-03 3.4667582e-03] [0.89028615 0.01061427 0.02690576 0.02701259 0.00839374 0.00846242
 0.01394887 0.01437619] [0.9738954  0.00246182 0.00462616 0.0046376  0.00247135 0.0016714
 0.00453081 0.00570547] [0.9688276  0.00292038 0.0047802  0.0063825  0.00263807 0.00220889
 0.00555846 0.00668389] [0.02172868 0.0700689  0.6035202  0.15551877 0.01542675 0.071961
 0.01386272 0.04791296] [0.95089763 0.00455196 0.00830265 0.01117195 0.00449091 0.00409791
 0.00742126 0.00906576] [0.98285484 0.00142376 0.00256715 0.0028704  0.00160685 0.00115483
 0.00309736 0.0044248 ] [0.9113136  0.00960731 0.01449109 0.02267906 0.00860766 0.00895869
 0.01104192 0.01330067] [0.9491282  0.00514172 0.00747609 0.01220587 0.00423391 0.00414618
 0.00881111 0.00885688] [0.9100278  0.00929129 0.01847579 0.01960478 0.00962694 0.00760162
 0.01063387 0.01473791] [0.9202346  0.0077538  0.01668993 0.01885627 0.00725417 0.00666301
 0.0105647  0.01198349] [9.8741770e-01 1.0987585e-03 2.3997193e-03 1.5622973e-03 1.2752085e-03
 6.5906439e-04 2.0258361e-03 3.5614276e-03] [0.9626519  0.00329317 0.00578927 0.00816906 0.00354679 0.0030224
 0.00588843 0.00763894] [0.97844845 0.00199114 0.00367712 0.00364851 0.00200639 0.00131598
 0.00381253 0.0050999 ] [0.8616192  0.01566719 0.02681881 0.03099876 0.01768089 0.01209745
 0.01386707 0.02125063] [0.93248916 0.00637348 0.01321993 0.01459303 0.00511862 0.00567168
 0.01160272 0.01093142] [0.9721476  0.0024528  0.0061339  0.00527943 0.00239939 0.00169178
 0.00449743 0.00539768] [0.9679267  0.00260394 0.00455929 0.00795109 0.00290535 0.00267262
 0.00483399 0.00654706] [0.87934756 0.01114595 0.03146194 0.02206303 0.01360248 0.01067295
 0.01399156 0.01771451] [0.9596978  0.00322036 0.01038604 0.00856982 0.00389954 0.00327187
 0.00490685 0.00604771] [0.97639954 0.0021435  0.00366913 0.00381787 0.00234565 0.00169249
 0.00441287 0.00551895] [0.92912126 0.00881121 0.00849843 0.01571523 0.01649337 0.00787287
 0.00505786 0.00842977] [0.9651976  0.00298268 0.00598443 0.00778853 0.00304752 0.00250781
 0.00515294 0.00733846] [0.02539469 0.05863366 0.6490298  0.14809501 0.01119412 0.04532586
 0.01452869 0.04779819] [0.954517   0.00423399 0.0088952  0.00845272 0.0041844  0.00342152
 0.0073084  0.00898674] [0.96791375 0.00241315 0.00683693 0.00581826 0.00322198 0.00244176
 0.00438372 0.00697046] [0.00514264 0.06372605 0.630424   0.16700621 0.005486   0.0563707
 0.01297106 0.05887335] [0.9553041  0.00373356 0.00686045 0.0122786  0.00413229 0.00385948
 0.00665059 0.00718096] [0.92524356 0.0071331  0.0138695  0.01957598 0.00538988 0.00558823
 0.01193174 0.01126801] [0.93934923 0.0051569  0.0145629  0.01289988 0.0054506  0.00485176
 0.00836089 0.00936786] [0.9567995  0.00376038 0.00581219 0.01186846 0.00398539 0.00378136
 0.00624696 0.00774577] [0.80322266 0.02351379 0.03726196 0.03872681 0.03161621 0.02006531
 0.01789856 0.0276947 ] [0.9780973  0.00206581 0.0034659  0.00435288 0.00191035 0.00133905
 0.00388936 0.00487935] [0.93490523 0.00617498 0.01235759 0.01544699 0.00624745 0.00553803
 0.00889441 0.0104353 ] [0.96739584 0.00303685 0.0046392  0.00660781 0.00280412 0.00251799
 0.00620722 0.00679094] [0.9327951  0.00586049 0.01196517 0.01845139 0.00784451 0.00657398
 0.00658924 0.00992011] [0.7866571  0.02545283 0.03964415 0.04260449 0.04022401 0.02348435
 0.01574779 0.02618528] [0.8778962  0.01259565 0.02662557 0.03127933 0.0089642  0.01020011
 0.0161737  0.01626525] [0.9532086  0.00484509 0.00750417 0.00963677 0.00404393 0.00353272
 0.00826336 0.00896533] [0.97743094 0.0017107  0.0040889  0.00417282 0.00216269 0.00162679
 0.00356253 0.00524463] [0.9235195  0.00787507 0.01225519 0.01994712 0.00802768 0.00691739
 0.00866105 0.01279698] [0.9600836  0.00317233 0.00618441 0.01110982 0.00448284 0.00368547
 0.00425775 0.00702376] [0.93340504 0.00653707 0.01167061 0.01589645 0.0066286  0.00602982
 0.00860422 0.0112282 ] [0.96592534 0.00327337 0.00479178 0.0069168  0.00290521 0.00257902
 0.00643228 0.00717623] [0.96874446 0.00240515 0.00707241 0.00612637 0.00321959 0.00229643
 0.00430295 0.00583264] [0.8680184  0.01733107 0.01847529 0.03798801 0.01448579 0.01273132
 0.01307459 0.01789556] [0.7895026  0.02432103 0.0363137  0.05474519 0.03570339 0.02479402
 0.01232835 0.02229173] [9.8518807e-01 1.3015495e-03 2.5039332e-03 2.3170442e-03 1.4779499e-03
 9.5065555e-04 2.3475566e-03 3.9132303e-03] [0.93019354 0.00788131 0.01140616 0.01828038 0.00678266 0.00611508
 0.00899523 0.01034566] [0.9020688  0.01129417 0.01691074 0.02481666 0.00922612 0.00952374
 0.0114468  0.01471295] [0.9613909  0.00370584 0.00588586 0.00809449 0.0033015  0.00303067
 0.00716374 0.00742695] [0.96765715 0.00314103 0.0048212  0.00593496 0.00293315 0.00236483
 0.00614092 0.00700676] [0.9683725  0.0029243  0.00590201 0.00547472 0.00304638 0.00218607
 0.00517332 0.00692065] [0.94064856 0.00494881 0.01007314 0.01613229 0.00630335 0.00542195
 0.00738316 0.00908872] [0.00267651 0.02362502 0.85758215 0.05088231 0.00240943 0.02328927
 0.00867624 0.03085904] [0.89196056 0.01021428 0.02315949 0.02346462 0.0150201  0.01014562
 0.00993966 0.01609569] [0.8848736  0.01401691 0.01820596 0.03085704 0.01183464 0.01220089
 0.01209407 0.01591686] [9.9455649e-01 5.1780744e-04 9.0163341e-04 6.8325788e-04 5.4260116e-04
 1.3290868e-04 1.0585014e-03 1.6068242e-03] [0.96766454 0.00309146 0.00472206 0.00643086 0.00256319 0.00226568
 0.00655673 0.00670548] [0.9581028  0.00395623 0.00766067 0.00751951 0.00400964 0.00312836
 0.00733639 0.00828634] [0.9772995  0.0022711  0.00285842 0.00392436 0.00195455 0.00149786
 0.0048206  0.00537359] [0.97074014 0.00234613 0.00486011 0.00548193 0.0033666  0.00245867
 0.00407807 0.00666835] [0.03101994 0.052061   0.65085405 0.13830039 0.01010856 0.04501171
 0.02040022 0.0522441 ] [0.90172476 0.01071012 0.01722468 0.02477668 0.00935991 0.00904715
 0.01219763 0.01495907] [0.89246917 0.01287685 0.01664531 0.03142927 0.01027554 0.01022977
 0.01091633 0.01515776] [0.7374172  0.03217044 0.06330311 0.05387175 0.02858407 0.03079694
 0.02116717 0.03268931] [0.9612901  0.0039057  0.0055763  0.00783428 0.0030704  0.00276908
 0.00778851 0.00776563] [0.8528517  0.01652187 0.02424122 0.02848229 0.03679662 0.01662865
 0.00823042 0.01624726] [9.9242860e-01 6.7679636e-04 1.2152763e-03 9.0716465e-04 7.8029517e-04
 3.5652239e-04 1.3192521e-03 2.3160840e-03] [0.9704903  0.00231692 0.00493895 0.0060526  0.0028337  0.00227687
 0.00443552 0.00665519] [0.98374695 0.00125009 0.00210923 0.0030456  0.00159622 0.00126249
 0.00276336 0.00422608] [0.963164   0.00290806 0.00595341 0.00944308 0.00360408 0.0032494
 0.00470247 0.00697552] [0.8394451  0.01683224 0.03845626 0.03638084 0.01687802 0.01591662
 0.01587084 0.02022005] [0.98250246 0.00150979 0.00249883 0.00316455 0.00151837 0.00118933
 0.0032523  0.00436437] [0.94812644 0.0050119  0.00852862 0.01235048 0.00392103 0.00392103
 0.00890242 0.00923807] [0.93221784 0.00808793 0.00699301 0.01957889 0.01110183 0.00735925
 0.00589427 0.00876701] [0.9543987  0.00419914 0.00776898 0.0105112  0.00394742 0.00357938
 0.00693754 0.00865763] [0.84355694 0.01966408 0.0282223  0.03862641 0.01838263 0.01421794
 0.01459932 0.02273039] [0.95018446 0.00436778 0.00920857 0.01126086 0.00450511 0.00399776
 0.00745002 0.00902547] [0.9167277  0.00868437 0.01588828 0.01939866 0.00685287 0.00711996
 0.01224817 0.01307998] [0.8163315  0.01911751 0.04677916 0.03365781 0.02111623 0.01637118
 0.01855299 0.0280736 ] [0.00311067 0.05208983 0.70551664 0.12865303 0.00400134 0.04803128
 0.00992514 0.0486721 ] [0.9304547  0.00651785 0.00961087 0.01705549 0.01360015 0.00708993
 0.00610596 0.00956511] [0.9298613  0.00746294 0.01117152 0.01741353 0.0063145  0.00602835
 0.01040081 0.01134703] [0.70156384 0.0494622  0.04674651 0.0533374  0.05763979 0.04332901
 0.01630941 0.03161187] [0.94617355 0.00494324 0.00768949 0.01479922 0.00518735 0.00484026
 0.0073424  0.00902447] [0.9438801  0.0058405  0.00782803 0.01362657 0.0045282  0.00463502
 0.01009404 0.00956759] [0.8560158  0.01849492 0.01702998 0.04037753 0.02353067 0.0170605
 0.00920931 0.01828128] [0.8892212  0.01091078 0.02638426 0.02722355 0.00789697 0.00878967
 0.01506146 0.0145121 ] [0.85892606 0.01535104 0.03079365 0.0363481  0.01168877 0.0130316
 0.01561046 0.01825035] [0.95784336 0.00352799 0.00581641 0.0118693  0.00405433 0.00374158
 0.00519854 0.00794846] [0.20010683 0.04532621 0.5000839  0.1195269  0.02428081 0.04456314
 0.01880198 0.04731019] [0.9501917  0.00357817 0.01214595 0.01013943 0.00643537 0.0045471
 0.00568769 0.0072746 ] [0.97525203 0.00222241 0.00407093 0.00440286 0.00239029 0.00177602
 0.0040404  0.00584504] [0.8207695  0.02717487 0.02155985 0.03585679 0.0379319  0.02360445
 0.01187851 0.02122417] [0.94449085 0.00553603 0.00970618 0.01167489 0.00434947 0.00441814
 0.01011061 0.00971381] [9.9161386e-01 6.8134168e-04 1.3207253e-03 1.3626834e-03 8.0244784e-04
 4.3889083e-04 1.3598226e-03 2.4202170e-03] [0.9647554  0.00355497 0.00452763 0.00744561 0.0027902  0.00254608
 0.00727778 0.00710232] [0.9407098  0.00569027 0.00951938 0.01585037 0.00515252 0.00506098
 0.00797858 0.01003806] [0.85296226 0.01436505 0.03799149 0.02604477 0.01719534 0.01360217
 0.01576113 0.02207778] [0.9776668  0.00191332 0.00349853 0.00518485 0.0020335  0.00159571
 0.0034642  0.00464309] [0.87055236 0.01369393 0.02682331 0.03115655 0.01420507 0.01373207
 0.01216814 0.0176686 ] [0.8665934  0.01461614 0.02962895 0.03264982 0.01042811 0.01149609
 0.01746918 0.01711827] [0.9012228  0.00900124 0.02601207 0.02235054 0.00902413 0.00933688
 0.01095406 0.01209828] [0.80609083 0.01783616 0.06670634 0.03707603 0.01487618 0.01713431
 0.01876688 0.02151325] [0.9620939  0.0036151  0.00632595 0.00804288 0.00329842 0.00280433
 0.00618096 0.00763845] [0.94279915 0.00570635 0.00974199 0.01367846 0.00544316 0.00505409
 0.0081552  0.00942158] [0.8965528  0.01164334 0.01667913 0.02577406 0.0137187  0.00920175
 0.00961377 0.01681647] [0.9324998  0.00709063 0.0101153  0.01759117 0.00601121 0.00596544
 0.00962708 0.01109937] [0.90825856 0.00858359 0.01800647 0.02154673 0.01291735 0.00808765
 0.00857596 0.01402368] [0.9633238  0.00315076 0.00567594 0.00841474 0.00345401 0.00312597
 0.00545089 0.0074039 ] [0.97714025 0.00204868 0.00349077 0.00496719 0.00200481 0.00150694
 0.00385129 0.00499008] [0.949045   0.00469503 0.00815433 0.01245652 0.00519848 0.00445475
 0.00657533 0.00942058] [0.84871054 0.01716771 0.02769724 0.04101938 0.01606898 0.01626736
 0.01286434 0.02020449] [0.83095324 0.02155804 0.02396863 0.04003417 0.0252197  0.02073416
 0.01412791 0.02340413] [0.83686936 0.01945392 0.02778477 0.03561211 0.02548082 0.01676851
 0.01442641 0.02360409] [0.9506147  0.00505029 0.00698802 0.01102368 0.00388499 0.00381633
 0.00952842 0.00909358] [0.01138505 0.06983647 0.6041099  0.18228297 0.00915688 0.05750521
 0.01377347 0.05195003] [0.84312665 0.01833813 0.02531028 0.04009368 0.0212826  0.01704134
 0.01471474 0.02009261] [0.88957375 0.01209158 0.01818695 0.02961482 0.0153338  0.01044376
 0.0089943  0.01576101] [0.9704462  0.00285789 0.00383278 0.00619273 0.00239239 0.00218253
 0.00580735 0.00628812] [0.79343885 0.02595461 0.03234789 0.05023078 0.03402632 0.02413885
 0.01494564 0.02491703] [0.98228323 0.00154473 0.00287397 0.00258219 0.00185177 0.00116332
 0.00291402 0.00478677] [0.97582513 0.00200511 0.00393392 0.00475046 0.00234089 0.00188397
 0.00362485 0.00563569] [0.9610988  0.00342617 0.00500572 0.01059901 0.00380771 0.00356353
 0.0053491  0.00714994] [0.9769856  0.00171745 0.00424929 0.00438661 0.0024832  0.00180328
 0.00329759 0.00507702] [0.98047155 0.00159741 0.00395204 0.00321961 0.00190735 0.00159073
 0.0027485  0.0045128 ] [0.9205471  0.00609679 0.02267793 0.01453616 0.00839358 0.00644398
 0.01017913 0.01112531] [0.890591   0.01054342 0.02548121 0.02653402 0.00795715 0.00951349
 0.0143656  0.01501408] [0.37994078 0.07484052 0.19387724 0.06434087 0.1242255  0.08778195
 0.02322742 0.05176571] [0.89316183 0.01136901 0.02008271 0.0262174  0.01091883 0.01191076
 0.0101024  0.01623709] [0.1238957  0.07201819 0.37425044 0.25902134 0.02053739 0.05938449
 0.02192588 0.06896657] [0.9789124  0.00174411 0.00341574 0.00378764 0.00216655 0.0015572
 0.00312204 0.0052943 ] [0.89327085 0.0104394  0.02554906 0.02506067 0.0077914  0.00830268
 0.01510203 0.01448391] [0.911795   0.00851603 0.01322426 0.02708952 0.00950041 0.00930964
 0.00827184 0.0122933 ] [0.9542472  0.00405564 0.00668055 0.01242255 0.00467753 0.00412813
 0.00565424 0.00813418] [0.8170192  0.02043464 0.03699295 0.03726765 0.02748527 0.01764185
 0.0169551  0.02620334] [0.9278264  0.0074394  0.01124684 0.01954845 0.00513128 0.00592481
 0.01184199 0.01104083] [0.9804622  0.00172328 0.00410077 0.00270651 0.00189303 0.00109576
 0.0032768  0.00474164] [0.9259402  0.00764597 0.01025567 0.01716908 0.01568873 0.00846245
 0.00584893 0.00898897] [0.00541254 0.05434662 0.68841094 0.137316   0.00566047 0.05028817
 0.01135909 0.04720619] [0.8306615  0.01870942 0.03845655 0.03580122 0.01965557 0.01552759
 0.01698498 0.02420321] [0.9053114  0.00956003 0.02017296 0.02223299 0.00749619 0.00785098
 0.01365719 0.01371823] [0.9762558  0.00193346 0.00436483 0.00417787 0.00248192 0.00177416
 0.00355596 0.00545603] [0.84530514 0.0141693  0.04285126 0.02814021 0.02221917 0.01516886
 0.01445925 0.01768683] [0.8106211  0.01895315 0.04871051 0.03470166 0.02252403 0.0179765
 0.01941096 0.02710209] [0.97438633 0.00209379 0.00412274 0.00501899 0.00277837 0.0020976
 0.00362504 0.0058771 ] [0.9003838  0.01094047 0.01351155 0.02569561 0.01555622 0.01035301
 0.00893395 0.01462544] [0.96059763 0.00363788 0.0073635  0.00716511 0.00368938 0.00293014
 0.00661952 0.00799684] [0.96390766 0.00344863 0.00597025 0.00730164 0.00293363 0.00262844
 0.00647763 0.00733216] [0.00392146 0.02206396 0.8618066  0.04742377 0.00264355 0.02137732
 0.00981892 0.03094447] [0.9353542  0.00653323 0.01079337 0.01778808 0.00678113 0.00647602
 0.00704429 0.00922967] [0.9695934  0.00238004 0.00577084 0.00595392 0.00303227 0.00231139
 0.00443207 0.00652605] [0.970879   0.00258683 0.0040672  0.00591004 0.00256776 0.00225299
 0.00540259 0.00633355] [0.9556229  0.00366996 0.00989591 0.00908715 0.00404382 0.00297755
 0.00563846 0.00906426] [0.8406407  0.01790999 0.02939741 0.03401983 0.02544622 0.01545385
 0.0136537  0.02347826] [0.9303852  0.00726482 0.01057672 0.01755156 0.00668104 0.00646355
 0.00930233 0.01177481] [0.9055614  0.01099153 0.01395108 0.02701734 0.00895493 0.00882526
 0.01096864 0.01372987] [0.8242125  0.0200499  0.03778047 0.03820772 0.02143843 0.0150832
 0.01744066 0.02578716] [0.34818172 0.05002365 0.29373255 0.15565628 0.0304598  0.04697157
 0.02055578 0.05441865] [0.9210741  0.00894336 0.01101132 0.01849718 0.01500988 0.00824895
 0.00659305 0.01062214] [0.9056788  0.01065729 0.01277807 0.02723444 0.01241952 0.00908578
 0.00817796 0.01396814] [0.75182694 0.03832364 0.03685905 0.04351076 0.05184066 0.03685905
 0.0142188  0.02656109] [0.937001   0.00608437 0.01160418 0.01789835 0.00665657 0.00618355
 0.00596612 0.00860586] [0.9683633  0.00297005 0.00500922 0.00605456 0.00301774 0.00233102
 0.00556623 0.00668787] [0.92850906 0.00762011 0.01084664 0.01856591 0.0065179  0.00657511
 0.00971011 0.01165518] [0.92482233 0.00662626 0.01908911 0.01543456 0.00542079 0.00557338
 0.01171897 0.01131461] [0.00282051 0.02334212 0.86265147 0.04863704 0.00264506 0.02267084
 0.00797141 0.02926156] [0.8583657  0.01922534 0.01769952 0.03298824 0.02699177 0.01722652
 0.01055105 0.01695187] [0.89690423 0.01165683 0.01653927 0.02734166 0.01127538 0.0096123
 0.01071085 0.01595948] [0.9503548  0.00492942 0.00668066 0.01426173 0.0047005  0.00450591
 0.00668447 0.00788249] [0.97035366 0.00256575 0.00468893 0.00594796 0.00262107 0.00218995
 0.00524596 0.00638672] [0.9452548  0.0054585  0.00942173 0.01220629 0.00476808 0.0045888
 0.00836894 0.00993287] [0.7943245  0.02482264 0.04018613 0.04720421 0.02691281 0.01931497
 0.0192692  0.02796552] [0.93923455 0.0062966  0.00995404 0.01400431 0.00499228 0.00528213
 0.00974047 0.0104956 ] [0.97800773 0.00184055 0.00412361 0.00409309 0.00198551 0.00174233
 0.00343125 0.00477591] [0.91980606 0.0088795  0.01170202 0.02219874 0.0073233  0.00684652
 0.01101546 0.01222838] [0.9769576  0.002075   0.00371325 0.00377619 0.00227525 0.00157532
 0.00408515 0.00554223] [0.9277698  0.00738172 0.01264239 0.01780769 0.0063746  0.00594353
 0.01007881 0.0120015 ] [0.92008686 0.0089051  0.0124534  0.02032835 0.00784442 0.00767273
 0.00997341 0.01273574] [0.94348174 0.00548243 0.00762275 0.01567281 0.00579909 0.00520774
 0.0068063  0.00992713] [0.93293464 0.00694148 0.00883322 0.01961921 0.00552648 0.00590788
 0.01001556 0.01022152] [0.75202197 0.03622768 0.03044407 0.05966733 0.04806959 0.03372501
 0.01225393 0.02759042] [0.81946725 0.02234245 0.03241486 0.04737087 0.01852714 0.02186935
 0.0136817  0.02432641] [0.9703555  0.00268975 0.00457449 0.00630279 0.00241505 0.00200682
 0.00526886 0.00638673] [0.87142247 0.01522548 0.02370782 0.0313053  0.01443217 0.01113688
 0.01293708 0.01983279] [0.92832184 0.00754628 0.00954539 0.02031162 0.00748142 0.00690915
 0.00849242 0.0113919 ] [0.90120906 0.01096152 0.01760555 0.02477593 0.00974866 0.00839086
 0.01190739 0.01540104] [0.88530797 0.01314625 0.01870842 0.03131295 0.01094122 0.01040713
 0.01393976 0.01623634] [0.9480252  0.00493509 0.00940489 0.01109823 0.00441641 0.00417232
 0.00890909 0.00903876] [0.90827936 0.01036922 0.01237592 0.02095208 0.01597729 0.00949939
 0.00852275 0.014024  ] [0.9359709  0.00595815 0.0131064  0.01434991 0.0048367  0.00487485
 0.0105431  0.01036001] [0.00230836 0.02031356 0.8795724  0.04184806 0.00219008 0.0215345
 0.00698994 0.02524314] [0.97395945 0.00213397 0.00547318 0.00506889 0.00226746 0.00196615
 0.00393993 0.00519094] [0.9769558  0.0021036  0.00389252 0.00383912 0.00222185 0.00150094
 0.00395546 0.00553077] [0.9507888  0.00502833 0.00838563 0.01054499 0.00441028 0.00378841
 0.00809568 0.0089579 ] [0.02334987 0.02070965 0.8609844  0.03824494 0.00699733 0.01787104
 0.00939336 0.02244945] [0.939015   0.00599702 0.00959066 0.01487811 0.00584443 0.00572235
 0.00859116 0.01036127] [0.8723822  0.01571338 0.01826108 0.02973337 0.02756706 0.01479041
 0.00776897 0.01378353] [0.861269   0.01711919 0.02174228 0.03497074 0.01916372 0.01341155
 0.01221382 0.0201097 ] [0.8730469  0.01422119 0.02120972 0.03366089 0.01889038 0.01210785
 0.00943756 0.01742554] [0.93128735 0.00751223 0.0092558  0.02170114 0.00615018 0.00572669
 0.00821805 0.01014857] [0.84968716 0.01442088 0.04043949 0.0314665  0.01446666 0.01220815
 0.01568747 0.02162368] [0.89889836 0.01021545 0.01646373 0.02839574 0.0107266  0.01050536
 0.01002472 0.01477006] [0.8252457  0.01820485 0.04446683 0.03096197 0.02119575 0.01698407
 0.01864738 0.02429347] [0.77238435 0.03435938 0.01861388 0.03246748 0.08000915 0.03426784
 0.00885685 0.01904108] [0.7764857  0.02629491 0.04080823 0.04450142 0.03854958 0.02307481
 0.01980893 0.03047645] [0.8557481  0.01572797 0.02663534 0.03264584 0.02019771 0.01353124
 0.01433976 0.02117403] [9.8665786e-01 1.1022703e-03 2.4829688e-03 1.9909521e-03 1.3530464e-03
 6.4791756e-04 2.2178900e-03 3.5470985e-03] [0.966421   0.00270494 0.0054938  0.0072564  0.00333253 0.00270875
 0.00489483 0.00718773] [0.9327061  0.00656572 0.01072032 0.01753402 0.00714942 0.00640167
 0.00788192 0.01104079] [0.958657   0.00377528 0.00665395 0.00974437 0.00372377 0.00321061
 0.00604731 0.00818771] [0.6088681  0.0529769  0.08477525 0.09093961 0.04461534 0.0559065
 0.02120907 0.04070921] [0.9830114  0.00148693 0.00327335 0.00270871 0.00160138 0.00098811
 0.00289375 0.00403637] [0.92478704 0.00749574 0.01490755 0.01707426 0.00633609 0.00620639
 0.01147439 0.01171853] [0.93281645 0.00719987 0.00985165 0.0169714  0.00553249 0.00604759
 0.0105766  0.01100394] [0.03747959 0.08606876 0.5064017  0.21096003 0.01733584 0.06165209
 0.01872453 0.06137741] [0.6146898  0.03808245 0.14988862 0.08159653 0.02509841 0.02485429
 0.024778   0.04101187] [9.8712111e-01 1.1337079e-03 2.2578810e-03 1.6295264e-03 1.2843604e-03
 6.5981993e-04 2.1720661e-03 3.7415223e-03] [0.8500328  0.01661555 0.03259029 0.03259029 0.01724112 0.01257991
 0.01544834 0.0229017 ] [0.951544   0.00430245 0.00770093 0.01196143 0.0047182  0.00432152
 0.00672449 0.00872696] [0.96981907 0.0023806  0.00544409 0.0056234  0.00323517 0.00249505
 0.00416223 0.0068404 ] [0.9327524  0.0062799  0.01187306 0.01687867 0.00676444 0.00673773
 0.0074054  0.0113084 ] [0.85805416 0.01452118 0.03632202 0.03268981 0.0120641  0.01295689
 0.01613125 0.01726059] [0.94415224 0.00578577 0.008528   0.0133107  0.0043441  0.00447377
 0.00967219 0.00973321] [0.8530664  0.01345887 0.04141425 0.03054949 0.01313079 0.012261
 0.01490852 0.02121069] [0.84131503 0.02073685 0.02285784 0.0401004  0.02369708 0.01399242
 0.01497662 0.02232378] [0.54402834 0.06025089 0.07685499 0.05558099 0.13332112 0.06751519
 0.01983945 0.04260904] [0.85304034 0.01593042 0.02824445 0.03041123 0.02337682 0.01399252
 0.01287861 0.02212558] [0.9405301  0.00466587 0.01435242 0.01104854 0.00640556 0.0045476
 0.00721818 0.01123167] [0.4470283  0.06189059 0.10736248 0.03543145 0.22388037 0.06915389
 0.01808194 0.03717098] [0.9352584  0.00639098 0.01172125 0.01443027 0.00504029 0.00531882
 0.01090473 0.01093526] [0.9773163  0.00228448 0.00304916 0.00381001 0.00214146 0.00152458
 0.00445455 0.00541945] [0.9226439  0.00751326 0.01652155 0.01813862 0.00664371 0.00628902
 0.01017532 0.01207461] [0.80264866 0.02447248 0.03506095 0.03927193 0.03188746 0.02030728
 0.01916299 0.02718826] [0.9436533  0.00572087 0.00936697 0.01266981 0.00483604 0.00471399
 0.00893981 0.01009924] [0.92914253 0.00735429 0.01098566 0.01855356 0.00617943 0.00620995
 0.01042875 0.01114587] [0.97708803 0.00169761 0.00440233 0.00478    0.00254259 0.00164801
 0.0034429  0.00439851] [0.02780576 0.04901871 0.6592803  0.13564081 0.00866831 0.04401306
 0.02115191 0.05442115] [0.5913447  0.04165904 0.15149851 0.09454923 0.02784899 0.02862724
 0.02317952 0.04129281] [0.93279153 0.00620767 0.01316317 0.01643679 0.0059177  0.00545985
 0.00925619 0.01076709] [0.9326421  0.0060312  0.0156712  0.01387061 0.00662631 0.00539794
 0.00806449 0.01169617] [0.02966037 0.0815355  0.47505417 0.2491227  0.01406732 0.0664612
 0.01849196 0.06560679] [0.9243975  0.00708451 0.01580949 0.01732025 0.00567295 0.00622232
 0.01188764 0.01160533] [0.00811162 0.03754393 0.75991344 0.09553861 0.00458234 0.03540728
 0.0141858  0.04471695] [0.9243164  0.00802612 0.01187897 0.01933289 0.00564194 0.00638199
 0.01260376 0.01181793] [0.9623289  0.00347111 0.00506935 0.0095055  0.00287797 0.0028055
 0.00679346 0.0071482 ] [0.9542253  0.00403266 0.00773339 0.01178894 0.00481477 0.00402503
 0.00513143 0.00824845] [0.92572826 0.00804092 0.01260304 0.01782125 0.00648461 0.00667915
 0.01046693 0.01217582] [0.00233083 0.02755795 0.83497846 0.06234872 0.00242429 0.02732906
 0.00872821 0.03430248] [0.9768337  0.00220441 0.00391301 0.0038005  0.00225589 0.00144259
 0.00406175 0.00548813] [0.9769334  0.00191952 0.00393629 0.0046343  0.0021169  0.00165443
 0.00349575 0.00530942] [0.00629672 0.04399695 0.7425172  0.10843631 0.00516018 0.03768116
 0.0122807  0.04363082] [0.00696678 0.06995776 0.60068446 0.17874026 0.00723004 0.06348698
 0.01381147 0.05912225] [0.9588015  0.00397797 0.00620533 0.00938237 0.00320946 0.00302639
 0.00746394 0.00793306] [0.86611843 0.01423493 0.02622706 0.02790534 0.01962071 0.01255664
 0.01258716 0.02074974] [0.02265654 0.03640303 0.7801782  0.07652874 0.01162578 0.03344318
 0.01077139 0.02839314] [0.89308006 0.01025406 0.02627604 0.02389563 0.0099031  0.01129931
 0.01026932 0.01502251] [0.97651964 0.00220861 0.00308405 0.00439815 0.00198356 0.00171272
 0.00464228 0.00545096] [0.93689734 0.00642317 0.01009246 0.01571463 0.00599216 0.00561836
 0.00871933 0.01054254] [0.00878354 0.06617802 0.5987767  0.18437049 0.00705507 0.0602867
 0.01499536 0.05955411] [0.63977534 0.05707919 0.05280589 0.08357371 0.0552783  0.0552783
 0.01729164 0.03891763] [0.9239832  0.00781    0.01310187 0.01985502 0.00571538 0.0062686
 0.01180465 0.01146127] [0.9367866  0.00551473 0.0082759  0.01903839 0.00958784 0.00676946
 0.00567491 0.00835218] [0.95014095 0.0047681  0.00600399 0.01592926 0.0053212  0.00485202
 0.00525635 0.00772813] [0.9593244  0.00396667 0.00636956 0.00855123 0.00377787 0.00323055
 0.0068387  0.00794097] [0.97901046 0.00177861 0.00391772 0.00299074 0.00219156 0.00138856
 0.0033436  0.00537876] [0.90142566 0.01016301 0.01908998 0.02911566 0.00745059 0.0075307
 0.01194078 0.01328364] [0.89658695 0.01027034 0.01954875 0.02751475 0.01052977 0.01043058
 0.01058318 0.01453566] [0.92494935 0.00780991 0.01282702 0.01829815 0.00766874 0.00681412
 0.00916434 0.01246838] [0.95328134 0.00405187 0.00829451 0.01047688 0.00456313 0.00402898
 0.00643645 0.00886681] [0.87939453 0.01260376 0.02340698 0.02658081 0.01739502 0.01037598
 0.01139832 0.0188446 ] [0.9024746  0.00843933 0.02603527 0.01907625 0.01021724 0.00853853
 0.00998833 0.01523048] [0.85340494 0.01806406 0.02421256 0.03560939 0.02074926 0.01322765
 0.01280809 0.02192404] [0.8839644  0.01241549 0.0237016  0.02689132 0.01241549 0.00916472
 0.0123697  0.01907727] [0.87631106 0.0116633  0.03316679 0.02299096 0.01309737 0.01000038
 0.01321179 0.01955833] [0.9025021  0.0092866  0.02191547 0.0210303  0.0105533  0.00741707
 0.01056857 0.01672657] [0.9606178  0.00336515 0.0060588  0.00975971 0.0042961  0.00336515
 0.00491038 0.00762692] [0.9178357  0.00766643 0.01711788 0.016828   0.01137378 0.00742232
 0.01005408 0.0117018 ]",0 2 4 0 0 0 0 0 0 0 0 0 2 0 0 0 0 2 0 0 0 2 0 0 0 0 0 0 0 0 0 0 1 0 0 2 0 0 0 0 0 0 3 0 0 0 0 0 0 0 0 0 0 0 0 0 1 0 0 0 0 0 0 0 0 3 0 0 0 0 0 0 0 0 0 0 0 0 0 0 0 0 0 0 2 0 0 3 0 2 0 0 4 0 0 0 5 0 0 0 7 0 0 0 0 0 0 3 0 0 0 0 0 0 0 2 0 0 0 0 0 0 0 2 0 0 0 0 0 0 0 0 0 0 0 0 0 0 0 0 0 0 2 0 0 0 0 0 0 0 0 0 7 0 0 0 0 0 0 3 4 0 0 0 0 0 0 0 0 0 0 0 0 0 0 3 0 0 5 0 3 0 0 0 0 0 0 0 1 0 0 0 2 0 7 0 0 0 0 0 6 2 0 0 0 0 3 0 0 0 0 2 0 0 0 0 0 0 0 4 3 0 0 0 0 0 0 0 2 7 0 0 0 0 1 0 0 0 0 0 0 0 0 0 0 0 0 0 0 0 0 0 6 2 0 0 0 2 0 0 0 0 0 0 0 7 0 0 0 0 0 0 0 0 0 0 0 3 0 0 0 0 0 0 0 0 4 0 0 0 0 0 0 0 0 0 0 0 0 2 0 0 0 1 0 2 0 0 0 0 2 0 0 2 3 0 0 2 0 7 0 2 5 0 0 0 0 0 0 0 0 0 0 0 0 0 0 0 0 0
46980,1,wide-v2-5k-nocat,0.02,17,0,0.8911764705882353,0.8192600984205871,"[0.9569929  0.00461178 0.00807158 0.00680515 0.00432951 0.00324808
 0.00647328 0.0094677 ] [0.94761294 0.00519103 0.00772361 0.01210605 0.00450067 0.00467231
 0.00625517 0.01193823] [0.6782537  0.03781301 0.09399845 0.05237056 0.0513024  0.0403766
 0.01054431 0.03534097] [0.9540342  0.00559958 0.0071902  0.00859772 0.00496257 0.00377056
 0.00694989 0.00889525] [0.9151124  0.00747359 0.00819463 0.0297265  0.0063062  0.00942306
 0.0073744  0.01638925] [0.974961   0.00125391 0.00156285 0.00636584 0.00155141 0.00322678
 0.00315241 0.00792583] [0.86520135 0.01844717 0.0251913  0.02850233 0.0188744  0.01068837
 0.01602112 0.01707393] [0.81356966 0.02814043 0.03177243 0.04623942 0.02459998 0.01165142
 0.01997604 0.0240506 ] [0.90516984 0.00991708 0.0138     0.0300106  0.00819303 0.00792603
 0.00919237 0.01579104] [0.06585593 0.06512352 0.44823536 0.24926378 0.01571631 0.0661611
 0.01072676 0.07891725] [0.8740034  0.01579249 0.02062941 0.03423994 0.01481595 0.0115659
 0.01239748 0.01655541] [0.02796936 0.0541687  0.60839844 0.18518066 0.0100708  0.05249023
 0.00605774 0.05566406] [0.81053454 0.02653463 0.04525688 0.03515571 0.02333033 0.01129133
 0.02009552 0.02780109] [0.00725328 0.00850858 0.9489323  0.01270564 0.00211761 0.00629559
 0.00101588 0.01317114] [0.97878265 0.00163518 0.00313879 0.00200608 0.00196031 0.00199464
 0.00365175 0.00683058] [0.04056916 0.06312793 0.50844234 0.24640651 0.01283622 0.07179733
 0.00660508 0.0502154 ] [0.84555477 0.02039742 0.02486746 0.04457836 0.01624776 0.01132766
 0.0149815  0.02204508] [0.8463593  0.02245013 0.03143934 0.02954688 0.01973353 0.00920288
 0.01733742 0.02393053] [0.90986234 0.01179756 0.01643723 0.02005433 0.00900461 0.0063948
 0.0110192  0.01542993] [0.95794934 0.00309162 0.0042989  0.01070339 0.00380874 0.00493973
 0.00526778 0.00994049] [9.8667055e-01 5.5972411e-04 9.3160209e-04 1.6353098e-03 7.0752174e-04
 1.6677298e-03 1.7821538e-03 6.0454016e-03] [0.9430114  0.00660804 0.00861487 0.01366628 0.00515824 0.00467751
 0.0071994  0.01106427] [0.9078153  0.01240677 0.02000649 0.01353604 0.01300193 0.00687866
 0.01147588 0.01487896] [0.79293853 0.02952463 0.03979341 0.03899998 0.03344599 0.01367898
 0.02508449 0.02653402] [0.9146729  0.00990428 0.01907603 0.01683269 0.01150666 0.00764186
 0.00875971 0.01160586] [0.97126734 0.00278304 0.00352315 0.00470389 0.00254269 0.00272772
 0.0045551  0.00789704] [0.94547117 0.00550935 0.00595193 0.01692484 0.00461656 0.0047272
 0.00619229 0.01060664] [0.9535951  0.00473013 0.00877364 0.00593174 0.00520315 0.00395195
 0.00742326 0.01039104] [0.7948491  0.03014861 0.02490006 0.02947728 0.05041042 0.02840926
 0.0158982  0.02590705] [0.89691794 0.01158071 0.02703692 0.01927068 0.011657   0.00778151
 0.01002441 0.01573085] [0.8032656  0.0271621  0.04577881 0.03567695 0.02633808 0.01213901
 0.02180597 0.02783352] [0.771608   0.03516188 0.04630258 0.05213238 0.02563887 0.01459737
 0.02347178 0.03108713] [0.9604822  0.00439468 0.00649665 0.00583669 0.00413146 0.00323497
 0.00620673 0.00921663] [0.92193127 0.00962125 0.01178813 0.02018861 0.00773286 0.00600852
 0.00939999 0.01332937] [0.96506464 0.00355611 0.00604005 0.00367058 0.00396056 0.00294944
 0.00612018 0.00863845] [0.9551638  0.0053525  0.00811077 0.00639401 0.00494429 0.00303486
 0.00753089 0.00946893] [0.9091936  0.01112383 0.0178378  0.01526665 0.0151751  0.01007095
 0.00826276 0.01306935] [0.89000773 0.01289181 0.02296115 0.02436475 0.01393688 0.00976421
 0.01062621 0.01544729] [0.92285156 0.01025391 0.01574707 0.01425934 0.00872803 0.00473785
 0.00988007 0.01354218] [0.96091366 0.00398245 0.0054854  0.00745755 0.00371733 0.00351325
 0.0056685  0.00926185] [0.94139546 0.00727073 0.009529   0.01232133 0.00660317 0.00479883
 0.00821676 0.00986469] [0.93890035 0.00795691 0.01045155 0.01190104 0.00677444 0.00464598
 0.00873506 0.01063465] [0.08814351 0.06598555 0.3117985  0.33255252 0.01924324 0.11487956
 0.01142234 0.05597479] [0.86287194 0.01645048 0.02124218 0.03842515 0.01608424 0.01329925
 0.01276515 0.01886159] [0.94379365 0.00665245 0.00958197 0.01182488 0.00608028 0.00465366
 0.00772432 0.00968878] [0.95710063 0.00498236 0.00666857 0.00771006 0.00439103 0.00362423
 0.00643586 0.00908727] [0.7133245  0.04729864 0.05028913 0.06902549 0.03692345 0.01827863
 0.02793671 0.03692345] [0.9610548  0.00439507 0.00585246 0.00700845 0.00389719 0.00336688
 0.00600888 0.00841625] [0.9521557  0.00457767 0.00631719 0.0093003  0.0053101  0.00489048
 0.00651555 0.01093301] [0.85972553 0.01705659 0.02067235 0.04067342 0.01566827 0.0130518
 0.01336456 0.01978748] [0.86214024 0.01841385 0.02288382 0.0371023  0.01600342 0.01091558
 0.01519486 0.01734594] [0.85334635 0.0161406  0.01824589 0.05046606 0.01336405 0.01556851
 0.0111901  0.02167844] [0.93245    0.00671266 0.0145619  0.01448562 0.00673173 0.00578586
 0.00724281 0.0120294 ] [0.00295468 0.02086014 0.8652913  0.06323659 0.00210776 0.02209618
 0.00112827 0.02232508] [0.8997239  0.01155624 0.01264703 0.03237273 0.00983997 0.00845932
 0.00976369 0.01563716] [0.96025693 0.00317129 0.0035584  0.01170115 0.00300919 0.00431737
 0.00457291 0.00941279] [1.8008171e-03 5.8679166e-03 9.6597046e-01 1.1178801e-02 7.6973485e-04
 4.5592720e-03 4.8263423e-04 9.3703531e-03] [0.9465021  0.00612778 0.00948547 0.00988992 0.00557453 0.0045863
 0.00727245 0.01056146] [0.8931482  0.01231497 0.01693881 0.02624752 0.01619106 0.01163589
 0.01036167 0.01316191] [0.85367846 0.01846666 0.02193106 0.03971094 0.01938236 0.01252986
 0.01560509 0.01869558] [0.8553774  0.01882733 0.02265688 0.04088919 0.01536396 0.01066475
 0.01457059 0.02164991] [0.88800067 0.01069421 0.0107476  0.03679662 0.01180024 0.01508021
 0.00997719 0.01690326] [0.9762362  0.00215757 0.00417779 0.00252193 0.00240175 0.00219954
 0.00391071 0.00639449] [0.92942256 0.00753965 0.01585769 0.0138812  0.00888275 0.00642549
 0.00769609 0.01029453] [0.93928474 0.00754412 0.01270829 0.00787975 0.00662494 0.00414202
 0.0086273  0.01318886] [0.86250865 0.01974954 0.02661762 0.02983799 0.01616288 0.00918033
 0.01630024 0.01964271] [0.80894625 0.01951272 0.01951272 0.06724945 0.02051963 0.02642379
 0.01379163 0.02404382] [0.98213214 0.00114083 0.00220916 0.00178469 0.00140409 0.0017885
 0.00305428 0.0064863 ] [9.8806971e-01 5.3060614e-04 8.4954192e-04 1.8449648e-03 6.1308133e-04
 1.7162464e-03 1.5055294e-03 4.8703258e-03] [0.95954955 0.00473442 0.00575684 0.00764145 0.00404772 0.00349454
 0.00614597 0.00862954] [0.8829877  0.01611648 0.02556354 0.01855837 0.0184668  0.00902736
 0.01259863 0.01668116] [0.7979368  0.02829282 0.04367532 0.03873094 0.0267973  0.01585557
 0.01843459 0.03027667] [0.8894516  0.01318068 0.01524016 0.03286016 0.01088474 0.01011434
 0.01107543 0.01719285] [0.92220145 0.00929097 0.01056486 0.02239597 0.00816965 0.00666692
 0.00904687 0.0116633 ] [0.01383861 0.03820495 0.7304102  0.12535617 0.00640436 0.0405241
 0.0029676  0.04229398] [0.96624595 0.00389455 0.00487105 0.00518384 0.00347687 0.00285512
 0.00563776 0.00783488] [0.97578883 0.00223779 0.00322409 0.00278531 0.00208898 0.00213477
 0.00413218 0.00760809] [0.9823704  0.00139038 0.0019721  0.00192632 0.00154487 0.00170603
 0.00331098 0.00577896] [0.9732355  0.00238441 0.00410118 0.00362812 0.00238441 0.00230238
 0.00448269 0.00748132] [0.9587064  0.00335767 0.00376784 0.01146186 0.00320505 0.00435352
 0.00490678 0.01024089] [0.9820666  0.0014679  0.00221282 0.002808   0.00143166 0.00166343
 0.00297777 0.00537182] [0.8200182  0.02399249 0.028617   0.04584825 0.02663289 0.01494952
 0.01967323 0.02026847] [0.96403265 0.00319727 0.00494851 0.00647847 0.00430753 0.00399467
 0.00521177 0.0078291 ] [0.02793756 0.05483758 0.4557897  0.2910023  0.01047468 0.11168922
 0.00557683 0.04269214] [0.94435036 0.00693523 0.01071183 0.00833143 0.00558099 0.00371939
 0.00781262 0.01255818] [0.9213621  0.00991795 0.01438102 0.01591449 0.00920843 0.00643522
