dataset_id,fold,checkpoint,sparsity,features,features_added,accuracy,roc_auc_score,prediction_probas,ground_truth
46980,0,wide-v2-5k-nocat,0.25,17,0,0.8970588235294118,0.7571317019496357,"[0.93348694 0.00590066 0.01405936 0.01558507 0.0064461  0.00558789
 0.00854394 0.01039005] [0.01448324 0.06263354 0.6290214  0.15811001 0.00812679 0.05167572
 0.01517764 0.06077163] [0.78677714 0.02121392 0.05594982 0.04123743 0.02412893 0.01855837
 0.02168704 0.03044732] [0.97000855 0.00256484 0.00485889 0.00655226 0.00248093 0.00188692
 0.00495042 0.00669718] [0.97791356 0.00213026 0.00305712 0.00367503 0.00212645 0.00139983
 0.00387337 0.00582437] [9.8455060e-01 1.3687668e-03 3.1591328e-03 2.0641193e-03 1.5976895e-03
 6.8962952e-04 2.3426418e-03 4.2274385e-03] [0.85138065 0.01586575 0.03148741 0.03061785 0.02       0.0122807
 0.01487414 0.02349352] [0.98339844 0.0013752  0.00279999 0.00288391 0.00175953 0.00112438
 0.0022068  0.00445175] [0.88027036 0.0149519  0.01901028 0.03173465 0.01199966 0.01241923
 0.01344145 0.01617246] [0.9319405  0.00690321 0.01090783 0.01626258 0.00519838 0.00559884
 0.0116401  0.01154857] [0.8638816  0.01368128 0.03082675 0.03387891 0.012407   0.01495555
 0.0118271  0.01854183] [0.9638782  0.00335697 0.00614173 0.00659187 0.00358013 0.00245479
 0.00607688 0.0079194 ] [0.03101473 0.0410682  0.7225074  0.10587419 0.00935934 0.03578975
 0.01624726 0.03813912] [0.9221522  0.00680768 0.01745206 0.01688761 0.00573981 0.0064835
 0.01286022 0.01161691] [0.79680204 0.0307589  0.02317598 0.04803027 0.03585487 0.02407617
 0.01318239 0.02811937] [0.9045039  0.00956182 0.01712428 0.02231346 0.0131103  0.00830268
 0.00950077 0.01558279] [0.9003975  0.00841529 0.02822898 0.01791395 0.00970466 0.00659185
 0.01116952 0.01757826] [0.00792498 0.06797631 0.63460827 0.16316755 0.00707451 0.05711474
 0.01014458 0.05198906] [0.7933118  0.01849027 0.0628547  0.03820101 0.01910051 0.01658327
 0.02097699 0.03048148] [0.94477016 0.00495882 0.01037538 0.01322098 0.00472233 0.00398232
 0.00764803 0.01032198] [0.9336009  0.00650411 0.0115281  0.01728834 0.00496677 0.0052834
 0.00981911 0.0110093 ] [0.85676366 0.01743734 0.02384476 0.03249478 0.02148011 0.01332591
 0.01288349 0.02176997] [0.9695971  0.00227135 0.00765889 0.00594632 0.00272905 0.00196812
 0.00396294 0.00586622] [0.91708314 0.00853814 0.01388688 0.0210287  0.00891965 0.00952243
 0.00787432 0.01314675] [0.9603705  0.00341006 0.00694981 0.00945967 0.004295   0.00330516
 0.00452767 0.00768217] [0.96333116 0.00341398 0.00662962 0.00690807 0.00361234 0.00255191
 0.00558825 0.00796469] [0.97565854 0.00233095 0.00473439 0.00371007 0.00229471 0.00124941
 0.00393706 0.00608489] [0.9347486  0.00649767 0.01006509 0.01828352 0.00534541 0.00546369
 0.00905019 0.01054583] [0.94864905 0.00474889 0.01116085 0.00999365 0.00455054 0.00383153
 0.00762111 0.00944438] [0.9317366  0.00716474 0.0104152  0.01738155 0.00558529 0.00562726
 0.01060595 0.01148342] [0.9000946  0.01014926 0.02072586 0.02463295 0.00782943 0.0081423
 0.01418607 0.01423949] [0.98006177 0.00187413 0.00257132 0.00336675 0.00172915 0.00116072
 0.00400195 0.0052342 ] [0.90054864 0.00961472 0.02078612 0.02490671 0.00726446 0.00885928
 0.01413975 0.0138803 ] [0.85492176 0.01573073 0.0309427  0.02953899 0.01878228 0.0116798
 0.01614269 0.02226104] [0.9735799  0.00222385 0.00403573 0.00524492 0.00226199 0.00171747
 0.00463842 0.00629772] [0.69641656 0.04465539 0.04648678 0.03565106 0.097491   0.03815396
 0.01513949 0.02600574] [0.7659672  0.04076371 0.02863529 0.04439461 0.04958161 0.03429522
 0.01210554 0.02425685] [0.8519143  0.01656839 0.03008551 0.03490652 0.01468423 0.0164616
 0.01408161 0.02129786] [0.8135076  0.02676494 0.02754316 0.04129186 0.03253298 0.02267542
 0.01264239 0.02304165] [0.95321226 0.00424615 0.00713032 0.01125439 0.00418892 0.00399435
 0.00713032 0.00884328] [0.90021205 0.01074769 0.01874933 0.02517201 0.00906955 0.0084822
 0.01174694 0.01582023] [0.85830677 0.0156691  0.03118563 0.03062112 0.0155623  0.0112369
 0.01437987 0.02303831] [0.00570258 0.07299303 0.61323917 0.17015433 0.00660279 0.06280086
 0.01049733 0.05800993] [0.7845602  0.02291555 0.0505912  0.04454955 0.02589061 0.01821649
 0.02169502 0.03158136] [0.7951281  0.02370305 0.03769899 0.03696638 0.03348647 0.02103207
 0.02159679 0.03038813] [9.8734516e-01 1.1072613e-03 2.2450413e-03 2.2984494e-03 1.2426886e-03
 5.5601494e-04 1.9474828e-03 3.2578851e-03] [0.98336375 0.00145239 0.00251952 0.00250045 0.00170129 0.00103565
 0.00273504 0.00469191] [0.942792   0.00579022 0.00826194 0.01379279 0.00485189 0.00500446
 0.00920028 0.01030645] [0.95906305 0.00382836 0.0056691  0.00923232 0.00317981 0.0030234
 0.00773303 0.00827094] [0.8302301  0.02106098 0.0283255  0.0458458  0.01965692 0.01987058
 0.01298761 0.02202247] [0.9820469  0.00130859 0.0027221  0.00312078 0.00185893 0.00124373
 0.00296055 0.0047384 ] [0.9369652  0.00635497 0.01040598 0.01676858 0.00655714 0.00566454
 0.00726664 0.0100169 ] [0.8953712  0.01169408 0.01681262 0.03040613 0.00829189 0.00972599
 0.0129985  0.0146996 ] [0.9482856  0.00469229 0.00805701 0.01314605 0.00524926 0.00449392
 0.00636321 0.00971266] [0.9666512  0.00317335 0.00504608 0.00699891 0.00270421 0.0022675
 0.00606827 0.00709045] [0.9644806  0.00307695 0.00491397 0.00829423 0.00328107 0.00275648
 0.005574   0.00762275] [0.8942579  0.00886749 0.02950233 0.02419099 0.00768465 0.00765031
 0.01194287 0.01590348] [0.9383978  0.00501972 0.01422    0.01351052 0.00611063 0.00450097
 0.00788813 0.01035222] [0.7752783  0.03243548 0.03649373 0.04470177 0.03798888 0.03472397
 0.01347919 0.02489873] [0.89069295 0.01345928 0.01547359 0.02408021 0.01933436 0.01153652
 0.00941539 0.01600769] [0.88808197 0.01300663 0.01888822 0.0305446  0.00962719 0.0107791
 0.01389917 0.01517313] [9.8721951e-01 1.1805469e-03 2.3210431e-03 1.5247937e-03 1.2549271e-03
 5.6214246e-04 1.9663067e-03 3.9707571e-03] [0.8886651  0.01049034 0.02775552 0.02746561 0.0083999  0.00846856
 0.01396169 0.01479328] [0.97345364 0.00253249 0.00482089 0.00468359 0.00254393 0.00157613
 0.00428693 0.00610239] [0.9677753  0.00292779 0.00512696 0.00668718 0.00267602 0.00209999
 0.00553895 0.00716783] [0.02351846 0.07350091 0.6011935  0.15103094 0.01600965 0.07392824
 0.01252995 0.04828839] [0.9487413  0.00480657 0.00843058 0.01190962 0.00471502 0.00415807
 0.00747308 0.00976574] [0.98183995 0.00150762 0.00277874 0.00300569 0.00174601 0.00110806
 0.00300569 0.00500822] [0.90973043 0.00986548 0.01446633 0.02340859 0.0086447  0.00914827
 0.01113205 0.01360414] [0.9465165  0.00533041 0.0078449  0.01317913 0.0043002  0.00421625
 0.00912695 0.00948562] [0.90583426 0.00974352 0.02018899 0.0201127  0.01008687 0.00741255
 0.0107049  0.01591619] [0.91793025 0.00792661 0.01756213 0.01933207 0.00733917 0.00659533
 0.01045946 0.01285499] [9.8683476e-01 1.1625506e-03 2.5139323e-03 1.6012490e-03 1.3399373e-03
 6.0321024e-04 1.9159673e-03 4.0283953e-03] [0.9607909  0.00351852 0.00595765 0.0086199  0.00377597 0.00304557
 0.00593858 0.00835291] [0.9779546  0.00210174 0.00383158 0.00364276 0.00207695 0.0011634
 0.00365993 0.00556904] [0.8572584  0.01614072 0.02834542 0.03148814 0.01871896 0.01170889
 0.01411169 0.02222782] [0.93060374 0.00641972 0.01338109 0.01531883 0.00520672 0.0057026
 0.01197737 0.01138995] [0.9727518  0.00244546 0.00601637 0.00510457 0.00232338 0.00154224
 0.00426907 0.00554711] [0.9656803  0.00280912 0.00480964 0.00865048 0.00317146 0.00275
 0.00484396 0.00728502] [0.8764715  0.01097115 0.03283716 0.02145402 0.01438915 0.01045998
 0.01461803 0.01879897] [0.95557004 0.00357629 0.01158146 0.00945286 0.00421526 0.00343896
 0.00537874 0.00678637] [0.9745434  0.00231918 0.00399372 0.00422258 0.00259573 0.00166023
 0.00447434 0.00619083] [0.9298081  0.00894281 0.00827134 0.0154439  0.01635954 0.00785166
 0.00500553 0.00831712] [0.96577424 0.00281511 0.00608797 0.00763666 0.00293908 0.00223149
 0.00491691 0.00759851] [0.02820812 0.06108454 0.6448965  0.14572416 0.01189196 0.04677453
 0.01284545 0.04857472] [0.95338595 0.0043973  0.00905393 0.00880222 0.00436297 0.00333897
 0.0071928  0.00946582] [0.96812326 0.00234761 0.00711339 0.00544279 0.00311807 0.00217979
 0.00419557 0.00747955] [0.00500513 0.06683681 0.6304023  0.16468102 0.00533703 0.05704018
 0.01060538 0.06009209] [0.95034397 0.00413578 0.00748942 0.0139945  0.00447915 0.00414341
 0.00726432 0.00814947] [0.92248994 0.00719551 0.01439864 0.02049537 0.00548629 0.00572283
 0.0122316  0.01197979] [0.93741417 0.00545452 0.01462421 0.01344939 0.00572915 0.00489762
 0.00847548 0.00995545] [0.9548523  0.00395491 0.00590757 0.01260841 0.00406551 0.00385575
 0.00646438 0.00829119] [0.79987794 0.02336334 0.03802839 0.03799786 0.0331146  0.01968564
 0.01898367 0.02894857] [0.97656065 0.00224304 0.00377082 0.00474929 0.00203895 0.00132942
 0.00387572 0.00543212] [0.93571466 0.00624578 0.01193451 0.01526916 0.00615421 0.00541403
 0.0085083  0.01075938] [0.9657135  0.00313915 0.00493567 0.00709837 0.0029389  0.00247356
 0.00632025 0.00738062] [0.929762   0.0064588  0.0120783  0.01954808 0.00801151 0.0069166
 0.00673348 0.01049126] [0.7832629  0.02562146 0.0404694  0.04199539 0.04129343 0.02327143
 0.01661809 0.02746792] [0.87443167 0.01257972 0.02819566 0.03216258 0.00903238 0.01050471
 0.01631015 0.01678313] [0.9522447  0.00492909 0.00752334 0.01006419 0.00418515 0.00349652
 0.00808035 0.00947667] [0.97686166 0.00173726 0.00443945 0.00412289 0.00215298 0.00146551
 0.003526   0.00569424] [0.9242529  0.00801031 0.01185527 0.01991135 0.00782722 0.00677444
 0.00854434 0.01282413] [0.95925677 0.00331423 0.00612884 0.01141863 0.00466433 0.00370324
 0.00409225 0.00742173] [0.93308055 0.00664121 0.0114209  0.01609759 0.00673276 0.00602325
 0.00839211 0.01161163] [0.9649118  0.00330758 0.00482212 0.00729422 0.00292989 0.00247782
 0.00661134 0.00764519] [0.9688313  0.00253699 0.00705778 0.0060201  0.00323132 0.00214404
 0.00413548 0.00604299] [0.86682487 0.01784011 0.01867947 0.03934286 0.01390277 0.01298711
 0.01273531 0.0176875 ] [0.78080344 0.02675009 0.0362263  0.05728455 0.0370198  0.02618548
 0.01277992 0.02295044] [9.8494405e-01 1.3667274e-03 2.5331667e-03 2.3252487e-03 1.5336340e-03
 8.4216351e-04 2.1707409e-03 4.2842566e-03] [0.93238246 0.00769612 0.01060219 0.01800084 0.00655581 0.00600664
 0.00842073 0.01033523] [0.9005143  0.01181193 0.01674119 0.02595877 0.0093244  0.00975171
 0.01123964 0.01465808] [0.9589332  0.00386599 0.0063435  0.00888014 0.00345784 0.00307067
 0.00740012 0.00804858] [0.9658627  0.00325408 0.00512336 0.00636319 0.00317778 0.00235186
 0.00616864 0.0076984 ] [0.9682987  0.00299274 0.00592827 0.0054743  0.00310528 0.00200089
 0.00490589 0.00729398] [0.94099694 0.00499767 0.00969777 0.01625197 0.006249   0.00526091
 0.0072142  0.00933153] [0.00273721 0.02320999 0.86186737 0.04815958 0.00236907 0.02269116
 0.00788163 0.03108399] [0.8903269  0.01018742 0.02409878 0.02266414 0.01550624 0.00994323
 0.01037819 0.01689509] [0.8821829  0.01465372 0.0182771  0.03191627 0.01185418 0.01281533
 0.0122661  0.01603442] [9.9433345e-01 5.6850014e-04 9.5433620e-04 6.6865532e-04 5.4703827e-04
 1.0748801e-04 9.9582912e-04 1.8247328e-03] [0.9665904  0.00311213 0.00487796 0.0067582  0.00264111 0.0021987
 0.0066476  0.00717391] [0.9563642  0.0041191  0.00804751 0.00787206 0.00433269 0.00312747
 0.00727327 0.0088637 ] [0.9763865  0.00231892 0.00299972 0.00418397 0.00202905 0.00142549
 0.00479421 0.00586213] [0.969525   0.00251336 0.00499621 0.00562932 0.00369186 0.00243136
 0.00395502 0.00725786] [0.0381772  0.04809534 0.6557567  0.1323232  0.01021568 0.04223601
 0.02177413 0.05142173] [0.8987338  0.01114416 0.01829138 0.02578185 0.00934401 0.00923722
 0.01225019 0.01521739] [0.8907201  0.0131087  0.01616078 0.03274886 0.01011766 0.01061362
 0.01109432 0.01543591] [0.7232328  0.03513002 0.06867293 0.05701379 0.02792699 0.03393969
 0.02096814 0.03311561] [0.96027887 0.00389412 0.00564094 0.00826117 0.00309126 0.00266981
 0.00792553 0.00823828] [0.8520573  0.01673902 0.0245821  0.02783224 0.03674344 0.01721205
 0.00859839 0.01623548] [9.9183309e-01 7.4396638e-04 1.3191096e-03 9.4808021e-04 8.3648524e-04
 3.2381612e-04 1.2580662e-03 2.7374148e-03] [0.9700372  0.00232082 0.0052595  0.00601849 0.00282617 0.00207672
 0.00431363 0.00714743] [0.9825765  0.00135348 0.00231016 0.0033174  0.00171021 0.00125619
 0.00277181 0.00470426] [0.9612131  0.00314262 0.00609454 0.01011434 0.00383674 0.00336
 0.0046529  0.00758575] [0.8466022  0.01611181 0.03558024 0.03551921 0.01621861 0.01490647
 0.01540997 0.01965152] [0.9811367  0.00162345 0.00278905 0.00340715 0.00166828 0.00114939
 0.00321638 0.00500961] [0.9462854  0.00506208 0.00884243 0.0130157  0.00398253 0.00391386
 0.00908657 0.00981136] [0.9326848  0.00809537 0.00674106 0.0199752  0.01084979 0.00721793
 0.00566142 0.00877444] [0.95292324 0.00434402 0.00786424 0.010984   0.00409612 0.00353738
 0.00689933 0.00935166] [0.8390208  0.02045052 0.02977535 0.03968012 0.01900067 0.01418564
 0.01456718 0.0233197 ] [0.9481698  0.00445141 0.01019209 0.01149662 0.00457347 0.00391358
 0.00744572 0.00975725] [0.9145613  0.0087739  0.01652546 0.0202639  0.00691613 0.00721749
 0.01225295 0.01348892] [0.8124008  0.01904064 0.04903576 0.03359575 0.02169535 0.01591297
 0.01914744 0.02917124] [0.00326388 0.05576253 0.69784045 0.13148603 0.00399067 0.04923096
 0.00846205 0.04996347] [0.92870384 0.00711054 0.00978081 0.01736437 0.01360311 0.00718302
 0.00621409 0.01004021] [0.9274371  0.00779503 0.01165249 0.0183601  0.00636041 0.00618871
 0.01034759 0.01185852] [0.7178775  0.04999504 0.04294446 0.05078861 0.05408499 0.04105209
 0.01439875 0.02885855] [0.94319385 0.00532057 0.00802471 0.01572905 0.00543499 0.00497731
 0.00745642 0.00986308] [0.94236124 0.00588976 0.00783521 0.01438871 0.00452031 0.00476445
 0.01019264 0.01004768] [0.85148454 0.01943792 0.01666107 0.04247658 0.02473223 0.01772909
 0.00889506 0.0185835 ] [0.88690823 0.01087421 0.02683068 0.02820427 0.0079439  0.00898935
 0.01533836 0.01491102] [0.8568682  0.01541783 0.03207153 0.03689294 0.01169497 0.0132665
 0.01544834 0.01833967] [0.9554771  0.0037762  0.00603429 0.01260258 0.00434835 0.00385821
 0.00519132 0.00871195] [0.1976258  0.0465684  0.51121485 0.11309469 0.02369618 0.04394397
 0.01728768 0.0465684 ] [0.9499688  0.00358305 0.01285247 0.00951159 0.00620122 0.0041227
 0.00593425 0.00782589] [0.97320205 0.00243201 0.00451305 0.00476865 0.00265519 0.00175105
 0.00406289 0.00661508] [0.8174327  0.03015321 0.02089056 0.03607398 0.03927852 0.02436977
 0.01109382 0.02070744] [0.94223547 0.00559529 0.01007685 0.01244922 0.00450064 0.00449301
 0.01044301 0.01020653] [9.9053186e-01 7.9854840e-04 1.5036548e-03 1.4979338e-03 9.1535103e-04
 4.4098942e-04 1.3825614e-03 2.9291231e-03] [0.9634965  0.00357862 0.00466213 0.00793554 0.00285946 0.00251228
 0.00730604 0.0076494 ] [0.93994856 0.00571065 0.00933082 0.01635755 0.00521855 0.0050774
 0.00783545 0.01052102] [0.849551   0.01422022 0.03948703 0.02575507 0.01801939 0.01346496
 0.01643259 0.02306971] [0.9781598  0.00192954 0.00339363 0.00504371 0.00199536 0.00141449
 0.00324484 0.00481862] [0.86738604 0.01420155 0.0264648  0.03247814 0.01468232 0.01431602
 0.0120801  0.01839105] [0.86615807 0.01433476 0.02949344 0.03326213 0.01037534 0.01169515
 0.01743973 0.01724138] [0.90440035 0.00902661 0.0227382  0.02316549 0.00891978 0.00932419
 0.01049162 0.01193374] [0.7981998  0.01836836 0.07078836 0.03814028 0.0151722  0.01823105
 0.01891758 0.02218239] [0.96050787 0.00379776 0.00663798 0.00843863 0.00343153 0.00276201
 0.00611533 0.00830892] [0.9392919  0.0061101  0.01041234 0.01466118 0.00577446 0.00524431
 0.00835275 0.01015298] [0.89308006 0.01237507 0.0177615  0.02589456 0.01448081 0.00920882
 0.00957504 0.01762417] [0.9306392  0.00727443 0.01007816 0.01834057 0.00617964 0.00621016
 0.00971196 0.01156585] [0.90521127 0.00886475 0.01933156 0.021193   0.01371671 0.00810949
 0.00871217 0.01486104] [0.9624317  0.00326167 0.00571841 0.00860622 0.00362407 0.00307474
 0.00532548 0.0079577 ] [0.976746   0.00214045 0.00358649 0.00504398 0.00203552 0.00139358
 0.00369332 0.00536066] [0.9485821  0.00485154 0.00806301 0.01258653 0.00522532 0.00433282
 0.00661746 0.00974121] [0.8501171  0.01744119 0.02529965 0.04168797 0.01618995 0.01617469
 0.01259642 0.02049302] [0.832437   0.0218179  0.02329786 0.04061487 0.0244269  0.02081092
 0.0134798  0.02311477] [0.8320503  0.02043199 0.02775637 0.03619467 0.0277106  0.0169529
 0.0146564  0.02424677] [0.9481337  0.00515307 0.00736534 0.01181658 0.00405074 0.00395157
 0.00974162 0.00978739] [0.01156766 0.07319064 0.6001755  0.18312922 0.00909542 0.05826562
 0.01174316 0.05283278] [0.8378523  0.01960665 0.02567937 0.04217336 0.0215902  0.01811135
 0.0144189  0.02056791] [0.8863657  0.01294143 0.01857278 0.03018649 0.01579526 0.01085829
 0.00901169 0.01626835] [0.96968585 0.00287616 0.00390036 0.00647708 0.00241842 0.00209609
 0.00583243 0.00671359] [0.7936508  0.02583944 0.03118132 0.0501221  0.03449329 0.02429792
 0.01538462 0.02503053] [0.98111045 0.00169781 0.00308085 0.00273938 0.00203546 0.00111788
 0.00282713 0.00539101] [0.97494984 0.00213591 0.00406204 0.00478291 0.00250778 0.0017955
 0.00352234 0.00624371] [0.95654297 0.00391769 0.00562668 0.01205444 0.00426102 0.00385666
 0.00569153 0.00804901] [0.9759663  0.00174217 0.00487846 0.00437497 0.00255938 0.00169831
 0.00322306 0.0055574 ] [0.97882    0.00177159 0.00435175 0.00348216 0.00213202 0.00162571
 0.00270602 0.00511073] [0.9228375  0.00579444 0.02235379 0.01338175 0.00817096 0.00581732
 0.01036056 0.0112837 ] [0.89207965 0.01013172 0.02522249 0.02645844 0.00777808 0.00930776
 0.01420577 0.01481611] [0.3710994  0.0739147  0.20825513 0.06384375 0.11810483 0.09112688
 0.0227512  0.0509041 ] [0.89242834 0.0117473  0.0193449  0.02683571 0.01082429 0.01226601
 0.00981738 0.01673608] [0.11927725 0.07074838 0.38847515 0.2517397  0.02002198 0.05933341
 0.02038823 0.07001587] [0.9775176  0.00195499 0.00361625 0.00401297 0.00236697 0.00153443
 0.00306886 0.00592791] [0.8897774  0.01061403 0.02650836 0.02614209 0.00806544 0.00863773
 0.01520759 0.01504735] [0.9081962  0.00907128 0.01313009 0.02867105 0.00982659 0.0098571
 0.00823205 0.01301565] [0.9531832  0.00420405 0.00658838 0.01296313 0.004803   0.00413157
 0.00557361 0.00855307] [0.81559145 0.0201456  0.03803245 0.03620103 0.02849381 0.01712376
 0.01747478 0.02693711] [0.9237083  0.00757119 0.01182403 0.02122222 0.00525979 0.00628581
 0.01237327 0.01175537] [0.9798954  0.00182613 0.00422632 0.00273681 0.00196249 0.00101271
 0.00316783 0.00517228] [0.9253318  0.00833165 0.01002545 0.01741101 0.01588507 0.0082935
 0.00564217 0.00907936] [0.00520933 0.05589157 0.68631923 0.13802046 0.00538475 0.05128479
 0.00974747 0.04814241] [0.82513237 0.01907203 0.04119559 0.03619109 0.02039944 0.01539494
 0.01705802 0.02555652] [0.90497845 0.00953878 0.02005433 0.022481   0.00753945 0.00791337
 0.01342297 0.01407161] [0.9757292  0.00207741 0.00445622 0.00420823 0.00260964 0.00164628
 0.00339749 0.0058755 ] [0.8404795  0.01436867 0.04447192 0.02733329 0.02365527 0.01541408
 0.01561248 0.01866477] [0.8067022  0.01875448 0.05041889 0.03439593 0.02362241 0.01777785
 0.0200821  0.02824617] [0.9737127  0.00219363 0.00418125 0.00511593 0.00293947 0.0020334
 0.00350599 0.00631766] [0.90188986 0.01118512 0.0129781  0.02555945 0.01514493 0.0098957
 0.0086368  0.01471003] [0.9590301  0.00382823 0.00762213 0.00751913 0.00395984 0.00285734
 0.00656922 0.008614  ] [0.9643389  0.00335688 0.00583639 0.00730502 0.00283236 0.00233074
 0.0064925  0.0075072 ] [0.00413454 0.02146604 0.8675517  0.04381697 0.0026146  0.02035231
 0.00913871 0.03092514] [0.9318397  0.00715027 0.01088184 0.01916913 0.00704725 0.0067649
 0.00724947 0.00989744] [0.96902573 0.00235506 0.00635771 0.00576656 0.00301295 0.00212432
 0.00427152 0.00708615] [0.9696286  0.0027177  0.00417667 0.00632413 0.00260899 0.00216653
 0.00556508 0.00681236] [0.9544151  0.00365572 0.01080887 0.00897053 0.00404665 0.00273273
 0.00556844 0.00980198] [0.83624715 0.0182151  0.03061785 0.03344012 0.0271701  0.01536995
 0.01416476 0.02477498] [0.92930555 0.00749674 0.01038479 0.01814478 0.00672608 0.00656966
 0.00932419 0.01204819] [0.90572715 0.01099354 0.01370187 0.02757158 0.00862852 0.00900997
 0.01074941 0.01361795] [0.8196616  0.02015286 0.03981754 0.03847503 0.0223802  0.01487437
 0.01775771 0.02688065] [0.3466268  0.05110915 0.30122358 0.15097794 0.03019254 0.04747811
 0.01868916 0.05370274] [0.9153248  0.01057963 0.01151021 0.01972525 0.01626227 0.00862694
 0.00662085 0.01135003] [0.9052182  0.01117638 0.01229783 0.02767775 0.01238175 0.00906317
 0.00805615 0.01412878] [0.74942595 0.0413771  0.03643382 0.04366566 0.05251474 0.03832569
 0.0128388  0.02541823] [0.9373605  0.00616363 0.0109313  0.01812474 0.0067472  0.00616363
 0.00580511 0.00870384] [0.96612614 0.00317895 0.00543873 0.00648757 0.00333151 0.00237039
 0.00560655 0.00746014] [0.9248117  0.0080033  0.01130685 0.01985184 0.00680547 0.00695806
 0.0100251  0.01223764] [0.92536354 0.00642063 0.01890708 0.01526758 0.00532191 0.00537913
 0.01191802 0.01142208] [0.00308401 0.02328358 0.86518484 0.04647561 0.00267967 0.02220027
 0.00747638 0.02961561] [0.85992235 0.02020402 0.01620595 0.03271709 0.02765082 0.0169079
 0.00985022 0.01654166] [0.89740616 0.01210711 0.0161123  0.02740311 0.01112298 0.0094675
 0.01043637 0.01594446] [0.9499353  0.00500609 0.00655904 0.01459854 0.00472373 0.00443374
 0.00653996 0.00820357] [0.9706633  0.00248136 0.00469951 0.00589728 0.00253095 0.00194828
 0.00515726 0.00662204] [0.94485307 0.00544374 0.00930815 0.01253548 0.00474181 0.00447096
 0.00841548 0.01023133] [0.7914194  0.02497597 0.04104176 0.04744977 0.02799689 0.01879682
 0.01939185 0.02892757] [0.93799543 0.00638967 0.00983436 0.0146867  0.00504307 0.00535969
 0.00985725 0.01083382] [0.9768691  0.00193751 0.00443567 0.00426404 0.00211104 0.00168674
 0.00347454 0.00522135] [0.9184255  0.00905578 0.01180227 0.02297895 0.00720572 0.00701117
 0.01084863 0.01267199] [0.9761897  0.0021651  0.00386665 0.00387047 0.0024436  0.00144213
 0.00393723 0.00608516] [0.92440104 0.00775217 0.01344422 0.01880055 0.0065657  0.00606211
 0.01009461 0.0128796 ] [0.9185131  0.00915583 0.01250534 0.0209516  0.00791979 0.00785876
 0.01013245 0.01296313] [0.94270205 0.00568288 0.00744495 0.01620193 0.00583925 0.00518324
 0.00674699 0.01019867] [0.9278299  0.00741654 0.00937749 0.02154763 0.00579512 0.00643987
 0.01052202 0.01107139] [0.75240123 0.03777874 0.02892912 0.06002487 0.04806262 0.03426941
 0.01160369 0.02693032] [0.81747013 0.0239436  0.03152803 0.04852813 0.01782417 0.02249386
 0.01323078 0.02498131] [0.97021854 0.00264169 0.00463487 0.00639727 0.00235749 0.00183678
 0.00525286 0.00666049] [0.86569625 0.01614331 0.02477952 0.03246971 0.01579236 0.01119198
 0.01306875 0.02085813] [0.9251871  0.0080252  0.00974925 0.02158872 0.00773532 0.00713267
 0.00869651 0.01188524] [0.8970685  0.01166659 0.01857193 0.02597323 0.01005662 0.00845427
 0.01183445 0.01637443] [0.8809669  0.0136125  0.01976254 0.0328104  0.0110716  0.01088847
 0.01414662 0.01674093] [0.9465643  0.00497706 0.00974054 0.01150254 0.00461856 0.00422955
 0.00887099 0.00949646] [0.9096402  0.01058928 0.01223718 0.02081235 0.01519729 0.00892612
 0.0082929  0.01430468] [0.9350408  0.00595463 0.01331304 0.01470156 0.00482169 0.00478354
 0.01074961 0.01063517] [0.00248493 0.02035243 0.879762   0.04100999 0.00226371 0.02172553
 0.00658708 0.02581433] [0.9723794  0.00227405 0.0058988  0.00534174 0.00244384 0.00195546
 0.0040063  0.0057004 ] [0.975705   0.00228528 0.00416234 0.00401355 0.00239592 0.0014078
 0.00387621 0.00615386] [0.94997066 0.00517913 0.00858104 0.01076253 0.00453079 0.00379854
 0.00778777 0.00938956] [0.02569629 0.02160686 0.8569499  0.03799511 0.00729766 0.01835667
 0.00928515 0.02281233] [0.9376073  0.00617289 0.00960651 0.01539788 0.00597068 0.00578756
 0.00875192 0.01070527] [0.8700077  0.01719449 0.0182167  0.02990346 0.02848457 0.01486782
 0.00756359 0.0137617 ] [0.8576247  0.01839119 0.0219168  0.03553087 0.0202532  0.0137209
 0.01218703 0.0203753 ] [0.87187076 0.01485103 0.02120486 0.03356165 0.01903861 0.01233391
 0.00939726 0.01774191] [0.93062145 0.00748791 0.00900227 0.02245991 0.00605365 0.00571415
 0.00828514 0.0103755 ] [0.8438144  0.01443592 0.04440646 0.03134394 0.01487845 0.0118875
 0.01594665 0.02328669] [0.8989395  0.01028458 0.01583887 0.02885481 0.01069657 0.01041428
 0.00975814 0.01521324] [0.82197803 0.01771978 0.04563492 0.03011294 0.02271062 0.01680403
 0.01956655 0.02547314] [0.7646834  0.03756886 0.01915066 0.03448644 0.08002076 0.0365007
 0.00875895 0.01883021] [0.7759263  0.02559055 0.04184216 0.04281878 0.03949216 0.02249283
 0.02061588 0.03122139] [0.85750693 0.01515348 0.02688865 0.03114628 0.02011308 0.01261264
 0.01446677 0.02211218] [9.8628861e-01 1.1825088e-03 2.5919829e-03 1.9988213e-03 1.3980306e-03
 5.6264532e-04 2.1285159e-03 3.8488754e-03] [0.96711177 0.00262786 0.00559516 0.00696057 0.00327624 0.00242953
 0.00461496 0.00738393] [0.93159443 0.00675931 0.01063485 0.01794345 0.00728953 0.00646941
 0.00776634 0.0115427 ] [0.95993716 0.00364867 0.00631698 0.00949073 0.00351706 0.0029258
 0.00589356 0.00827006] [0.58984375 0.05966187 0.0894165  0.09649658 0.04324341 0.05990601
 0.01971436 0.04171753] [9.8278409e-01 1.5361722e-03 3.3164539e-03 2.7119019e-03 1.6353417e-03
 8.8918727e-04 2.7328799e-03 4.3939678e-03] [0.9246248  0.00745628 0.01475238 0.01726959 0.00638838 0.00617479
 0.01122066 0.01211312] [0.9300906  0.00748375 0.00998596 0.0181563  0.00567194 0.00638903
 0.0106878  0.01153459] [0.03499592 0.09098329 0.510141   0.20661932 0.01708606 0.06382865
 0.01529355 0.06105217] [0.6045014  0.03924621 0.16003662 0.08020142 0.0255436  0.0250248
 0.02357519 0.04187076] [9.8646688e-01 1.2275515e-03 2.3845213e-03 1.6519963e-03 1.3582233e-03
 5.7180820e-04 2.1041015e-03 4.2349095e-03] [0.84563863 0.01698174 0.0338109  0.03323111 0.01826338 0.01249599
 0.01557804 0.02400024] [0.9504733  0.00447746 0.00768491 0.01236451 0.00485504 0.00433254
 0.00678103 0.0090312 ] [0.9673442  0.00270097 0.00587118 0.00603903 0.00364898 0.00256173
 0.00419261 0.00764131] [0.93182904 0.00644814 0.01158376 0.01738328 0.00684495 0.0068564
 0.00724939 0.01180506] [0.85457695 0.01497799 0.03686889 0.03369475 0.01220061 0.01349774
 0.01638957 0.01779351] [0.94381887 0.00566847 0.00819372 0.01377064 0.00425326 0.00440584
 0.00980347 0.01008575] [0.8506768  0.01325367 0.0436448  0.03026141 0.01342154 0.01181156
 0.01492469 0.02200552] [0.8356341  0.02159596 0.02371741 0.04099418 0.02489259 0.01407935
 0.01535374 0.02373267] [0.52835256 0.06161875 0.08044925 0.05594214 0.14014527 0.07288042
 0.01907465 0.04153696] [0.84876233 0.01642096 0.02899612 0.03011019 0.02540976 0.01401734
 0.01326954 0.02301376] [0.9395499  0.00465822 0.01533666 0.01067462 0.00649328 0.00425764
 0.00720289 0.01182678] [0.43483436 0.06164833 0.12891215 0.03686692 0.20752904 0.07330658
 0.01915066 0.03775197] [0.93381107 0.00642926 0.01172148 0.01517077 0.00506328 0.00524643
 0.01117203 0.01138571] [0.9761897  0.00235967 0.00321236 0.00408984 0.00227764 0.00147074
 0.00436834 0.00603175] [0.91833794 0.00790303 0.01812509 0.01911678 0.00694185 0.00637735
 0.01034412 0.01285386] [0.79633814 0.02467196 0.03643576 0.03878548 0.03384193 0.02058285
 0.0203845  0.02895941] [0.9418119  0.00587412 0.00953591 0.01344181 0.00492434 0.00476032
 0.00913158 0.01052001] [0.92655635 0.0075362  0.01113649 0.01954226 0.00633865 0.006434
 0.01062544 0.01183062] [0.9769949  0.00179567 0.00437139 0.00468418 0.00254235 0.00155154
 0.00337581 0.00468418] [0.03531692 0.04587842 0.65640026 0.1330871  0.00885212 0.04181865
 0.02324446 0.05540209] [0.58011353 0.04382592 0.1619972  0.09351157 0.02838308 0.02899347
 0.02133309 0.04184216] [0.93256027 0.00630912 0.0128166  0.01676839 0.00581706 0.00526015
 0.00933018 0.01113824] [0.9303497  0.00605887 0.01753563 0.01378889 0.00661592 0.00508594
 0.00797421 0.01259085] [0.02983298 0.08209793 0.48807064 0.2384197  0.01409246 0.06616665
 0.01619069 0.06512898] [0.9217484  0.00718972 0.01644672 0.01809444 0.00580517 0.00631246
 0.01235029 0.01205279] [0.00833149 0.03778163 0.75929475 0.09478977 0.00462352 0.03546224
 0.01366456 0.04605208] [0.9220896  0.00811193 0.01180542 0.02061942 0.00569667 0.00660096
 0.01271353 0.0123625 ] [0.9590886  0.00369684 0.00555099 0.01063653 0.00307117 0.00293573
 0.00700836 0.00801174] [0.95312864 0.00431062 0.00752261 0.0121613  0.0049515  0.00403597
 0.00506975 0.00881961] [0.92383516 0.00827796 0.01261149 0.01881423 0.00654226 0.00685506
 0.01055916 0.01250467] [0.00241603 0.02732193 0.83866566 0.05943396 0.00243891 0.02689478
 0.00789453 0.03493423] [0.9759355  0.00233045 0.00410403 0.00391714 0.00239148 0.00135116
 0.00391332 0.00605688] [0.97618407 0.00207734 0.00404403 0.00468116 0.00223376 0.00154703
 0.0033802  0.0058524 ] [0.00690179 0.04346333 0.74620193 0.10615552 0.00511625 0.03680953
 0.01155258 0.04379907] [0.00692765 0.0739763  0.5986465  0.17737222 0.00714891 0.06433253
 0.01141384 0.06018204] [0.9578215  0.0039894  0.00624726 0.00984763 0.00318847 0.00295963
 0.00759358 0.00835256] [0.86487806 0.01439886 0.02637121 0.02762262 0.0204499  0.01220889
 0.01262857 0.02144187] [0.02929598 0.03640636 0.76999605 0.08056395 0.01185572 0.03192041
 0.01199304 0.02796851] [0.89091617 0.01077032 0.02524771 0.02506465 0.01016011 0.01193736
 0.01019062 0.01571308] [0.9761534  0.00221652 0.00311877 0.00448645 0.00199525 0.00158037
 0.00463142 0.00581789] [0.9336614  0.00690892 0.01055985 0.01664855 0.00629852 0.00586361
 0.008866   0.01119313] [0.00799756 0.06788767 0.601221   0.18192919 0.00674603 0.06156899
 0.01248474 0.06016484] [0.62834126 0.0632247  0.05278897 0.08757476 0.05480288 0.05934944
 0.01623337 0.03768461] [0.9212321  0.00782644 0.0138908  0.02076373 0.00571727 0.00647245
 0.01224312 0.01185409] [0.93467015 0.00581422 0.00831693 0.01986906 0.00998794 0.00694349
 0.00559294 0.00880526] [0.9493962  0.00492951 0.00586429 0.01649784 0.00539499 0.00484939
 0.00504016 0.00802762] [0.95798403 0.00411214 0.00662215 0.00881173 0.00392904 0.00314514
 0.00683577 0.00855997] [0.97856045 0.00188932 0.00396747 0.00297179 0.00230037 0.00122934
 0.00319496 0.00588635] [0.89978564 0.01003135 0.0198186  0.02959821 0.00740718 0.00757501
 0.01210628 0.01367773] [0.89356834 0.01073472 0.01927214 0.02856489 0.01100175 0.0109102
 0.01054398 0.01540398] [0.9252471  0.00789603 0.01260313 0.0184317  0.00760994 0.00667539
 0.0090175  0.01251922] [0.9505893  0.00438265 0.00873479 0.01106915 0.00489759 0.00411946
 0.00651867 0.00968837] [0.87544155 0.01293113 0.02512988 0.02619794 0.01841637 0.01028387
 0.01168761 0.01991166] [0.89880234 0.00865817 0.02881989 0.01900984 0.01019147 0.00824624
 0.00996262 0.01630941] [0.8472779  0.01932013 0.0253634  0.03677845 0.02211285 0.01344474
 0.01290298 0.02279959] [0.88007754 0.01280496 0.02516731 0.02738032 0.01295758 0.00883679
 0.01243103 0.02034447] [0.8707649  0.01186588 0.0357121  0.0233197  0.01388804 0.00982083
 0.01373542 0.02089311] [0.89984745 0.00938358 0.02363442 0.02082698 0.01081019 0.00711016
 0.01065761 0.01772963] [0.96074694 0.00345734 0.00594975 0.00970266 0.00426017 0.00319799
 0.00487422 0.00781095] [0.9165284  0.00751515 0.01814318 0.01597638 0.01166566 0.00718327
 0.01059751 0.01239047]",0 2 4 0 0 0 0 0 0 0 0 0 2 0 0 0 0 2 0 0 0 2 0 0 0 0 0 0 0 0 0 0 1 0 0 2 0 0 0 0 0 0 3 0 0 0 0 0 0 0 0 0 0 0 0 0 1 0 0 0 0 0 0 0 0 3 0 0 0 0 0 0 0 0 0 0 0 0 0 0 0 0 0 0 2 0 0 3 0 2 0 0 4 0 0 0 5 0 0 0 7 0 0 0 0 0 0 3 0 0 0 0 0 0 0 2 0 0 0 0 0 0 0 2 0 0 0 0 0 0 0 0 0 0 0 0 0 0 0 0 0 0 2 0 0 0 0 0 0 0 0 0 7 0 0 0 0 0 0 3 4 0 0 0 0 0 0 0 0 0 0 0 0 0 0 3 0 0 5 0 3 0 0 0 0 0 0 0 1 0 0 0 2 0 7 0 0 0 0 0 6 2 0 0 0 0 3 0 0 0 0 2 0 0 0 0 0 0 0 4 3 0 0 0 0 0 0 0 2 7 0 0 0 0 1 0 0 0 0 0 0 0 0 0 0 0 0 0 0 0 0 0 6 2 0 0 0 2 0 0 0 0 0 0 0 7 0 0 0 0 0 0 0 0 0 0 0 3 0 0 0 0 0 0 0 0 4 0 0 0 0 0 0 0 0 0 0 0 0 2 0 0 0 1 0 2 0 0 0 0 2 0 0 2 3 0 0 2 0 7 0 2 5 0 0 0 0 0 0 0 0 0 0 0 0 0 0 0 0 0
46980,1,wide-v2-5k-nocat,0.25,17,0,0.8911764705882353,0.8175078808249676,"[0.9606196  0.0040443  0.00756207 0.00584897 0.00393365 0.00299316
 0.00596343 0.00903481] [0.94863635 0.0051417  0.00774688 0.01173284 0.00441698 0.00448945
 0.00601137 0.01182439] [0.6763882  0.0384589  0.08827233 0.05375089 0.05411716 0.04358675
 0.01072118 0.03470458] [0.9560091  0.0054395  0.00683561 0.00814018 0.00466515 0.00364858
 0.00661818 0.00864369] [0.91503906 0.00744247 0.00780869 0.02973938 0.00600433 0.00949097
 0.00727844 0.01719666] [0.97274995 0.00139822 0.00163762 0.00739741 0.00168054 0.0036205
 0.00329049 0.00822528] [0.867075   0.01830817 0.02502117 0.02741649 0.01896421 0.01077894
 0.01569926 0.01673672] [0.8226723  0.02744784 0.03007209 0.04400198 0.02279437 0.01076401
 0.01899531 0.02325209] [0.9120537  0.00929966 0.01279371 0.02741837 0.00744965 0.00732759
 0.008491   0.01516631] [0.06000534 0.06464461 0.4600206  0.24820113 0.01435275 0.06556026
 0.01011789 0.0770974 ] [0.8701969  0.01675569 0.02176103 0.03494583 0.01519151 0.01178849
 0.01262017 0.01674042] [0.02684595 0.05295931 0.6246452  0.1763072  0.00952352 0.05063948
 0.0056317  0.0534477 ] [0.81450903 0.0259875  0.04535224 0.03393788 0.02266086 0.01087263
 0.01930369 0.02737615] [0.00677874 0.0082703  0.9506872  0.01226048 0.00203133 0.00628283
 0.0009861  0.01270299] [0.97949034 0.00156116 0.00319099 0.00179386 0.00198936 0.00197792
 0.00363731 0.00635909] [0.05290517 0.06169219 0.5115997  0.23395436 0.01372209 0.06950287
 0.00686104 0.04976259] [0.851595   0.01988296 0.02375884 0.04275676 0.01543485 0.01065867
 0.01442774 0.02148519] [0.8472326  0.02220323 0.0329615  0.02810883 0.01951748 0.00909493
 0.01681647 0.02406495] [0.9106098  0.01172593 0.01649412 0.0197136  0.00872007 0.0063169
 0.01074941 0.01567018] [0.9582859  0.00309686 0.00429059 0.01062542 0.00375856 0.00495039
 0.00528982 0.00970246] [9.8637044e-01 5.7413656e-04 9.3893264e-04 1.8273185e-03 7.2720787e-04
 1.8063367e-03 1.7815401e-03 5.9740725e-03] [0.93706536 0.00761076 0.00969752 0.01542752 0.00553926 0.0050395
 0.00756498 0.01205513] [0.9153562  0.01082409 0.01931402 0.01134279 0.0124107  0.00644945
 0.01040455 0.01389816] [0.7777252  0.03200854 0.04360363 0.0417118  0.03643299 0.0146922
 0.02607369 0.02775193] [0.9186357  0.00935546 0.01820728 0.01579592 0.01100373 0.00735235
 0.00838634 0.01126318] [0.97022223 0.00290682 0.00370982 0.00503162 0.00252535 0.00280573
 0.00454334 0.00825507] [0.94638294 0.00563868 0.00576839 0.01667951 0.00439878 0.00453231
 0.00600111 0.01059828] [0.94891506 0.00549805 0.00994304 0.00668847 0.00594827 0.00441065
 0.00782165 0.0107748 ] [0.78602487 0.03074224 0.02566176 0.03005569 0.0540087  0.03113891
 0.01635518 0.02601266] [0.9004696  0.01123908 0.02661366 0.01819007 0.01123908 0.00744313
 0.00958336 0.01522198] [0.7902139  0.02921179 0.05073144 0.03708706 0.02846394 0.01267523
 0.02266432 0.02895233] [0.7666893  0.03647268 0.04733818 0.05438855 0.02516462 0.014673
 0.02319601 0.03207764] [0.9634395  0.00400568 0.00592841 0.00521502 0.00377107 0.00303669
 0.0057453  0.00885828] [0.915702   0.01068319 0.01267484 0.02240418 0.00822606 0.00648622
 0.00968355 0.01413997] [0.966233   0.00330518 0.00592758 0.00335095 0.00400893 0.00293518
 0.00591613 0.00832302] [0.9547665  0.005498   0.00840152 0.00641369 0.00495621 0.00296266
 0.00750108 0.00950035] [0.91054034 0.01081724 0.01737777 0.01524179 0.01495953 0.00999336
 0.00824643 0.01282354] [0.89375246 0.0124463  0.02242012 0.02324428 0.01361385 0.00930992
 0.01020276 0.01501034] [0.9267861  0.00969726 0.01492355 0.01367992 0.00806452 0.0044023
 0.00918607 0.01326029] [0.95768756 0.00443727 0.00607025 0.00813436 0.00411678 0.00386115
 0.00596342 0.00972919] [0.94445485 0.0070123  0.00895804 0.01147605 0.00618822 0.0045744
 0.007844   0.00949216] [0.935055   0.00872036 0.01128383 0.01287837 0.00697324 0.00488661
 0.00891873 0.01128383] [0.07512797 0.06762128 0.32175034 0.3359093  0.01771397 0.11864239
 0.01029119 0.05294355] [0.8688048  0.0160398  0.02029775 0.03653595 0.01513938 0.01285016
 0.01220154 0.01813062] [0.9375751  0.00763382 0.01111692 0.01326858 0.00685175 0.00516551
 0.00814122 0.0102471 ] [0.9548157  0.00547157 0.00702452 0.00848589 0.00440702 0.00373166
 0.00644836 0.00961531] [0.7108182  0.04900301 0.05074222 0.07170428 0.03548599 0.01803286
 0.02698827 0.0372252 ] [0.9564007  0.00519866 0.00676627 0.00820038 0.00427564 0.00371496
 0.00640392 0.00903949] [0.9552786  0.00428099 0.00587205 0.00821858 0.00508224 0.00468162
 0.00629939 0.01028658] [0.8642644  0.01654065 0.01959243 0.0395816  0.01478588 0.01283274
 0.01299296 0.01940933] [0.85651064 0.01957852 0.02429385 0.03918756 0.01590087 0.01110162
 0.0152981  0.01812883] [0.8402936  0.01798929 0.01974397 0.05630235 0.01393064 0.01695174
 0.01155037 0.02323807] [0.9327453  0.00669571 0.01462756 0.01434523 0.00669571 0.00569994
 0.00700475 0.01218582] [0.00321429 0.02214333 0.85704315 0.06702517 0.00218419 0.0239441
 0.00115791 0.02328789] [0.8880955  0.01356372 0.01400618 0.03707518 0.01080215 0.00916962
 0.01044361 0.01684403] [0.96183884 0.00299621 0.00335476 0.0111533  0.00288178 0.00435986
 0.00440563 0.00900961] [1.8272348e-03 5.9203934e-03 9.6532929e-01 1.1131255e-02 7.7056664e-04
 4.7645434e-03 4.9877021e-04 9.7579677e-03] [0.94351774 0.00668447 0.01013354 0.0109195  0.00568485 0.00472339
 0.00724151 0.011095  ] [0.89346606 0.01257962 0.01682878 0.02564748 0.0163558  0.01164893
 0.01029866 0.01317466] [0.8416813  0.02033717 0.02387673 0.04198642 0.02196964 0.01367
 0.0168739  0.01960485] [0.86412597 0.01801788 0.02111494 0.03808013 0.01421139 0.00973362
 0.01384524 0.02087084] [0.87830406 0.01172486 0.01183928 0.04046106 0.01289963 0.01630953
 0.01021443 0.01824714] [0.97823536 0.00193351 0.00404062 0.00223398 0.00228358 0.00203748
 0.00358467 0.00565077] [0.9286826  0.00767494 0.01611279 0.01376301 0.00917788 0.00645427
 0.00769782 0.01043669] [0.93971914 0.00741402 0.01302793 0.0075475  0.00668558 0.00412653
 0.00829882 0.01318048] [0.8655774  0.01932964 0.02625597 0.02900209 0.0156834  0.00898592
 0.01575968 0.01940592] [0.8192859  0.01818737 0.01776015 0.06377785 0.01907232 0.02575526
 0.01298444 0.02317669] [0.98181844 0.00118146 0.00236865 0.00175265 0.0015381  0.00186231
 0.00322304 0.00625537] [9.8746103e-01 5.6037237e-04 9.3284115e-04 2.1136769e-03 6.8913877e-04
 1.9744183e-03 1.5375664e-03 4.7309734e-03] [0.96092284 0.00459283 0.00555411 0.007244   0.0037536  0.00339121
 0.00585929 0.00868212] [0.8881971  0.01478599 0.02540627 0.0162356  0.01878386 0.00890364
 0.01181811 0.01586938] [0.7865851  0.02975328 0.04653718 0.04180717 0.0278155  0.01673813
 0.01896581 0.03179786] [0.88787144 0.01353723 0.01527708 0.03372861 0.01062222 0.0102712
 0.01103429 0.01765792] [0.9213305  0.00979554 0.01056607 0.0228105  0.00809429 0.00665243
 0.00904028 0.01171041] [0.01600891 0.03870219 0.7256967  0.12538534 0.00656991 0.04083875
 0.0031209  0.04367732] [0.96580005 0.00400153 0.00502767 0.00527943 0.00348275 0.00291627
 0.00558079 0.00791152] [0.9771151  0.0020677  0.00300236 0.00257891 0.0019275  0.00205244
 0.00383212 0.00742389] [0.98405004 0.00117512 0.00178462 0.00165681 0.00140881 0.00159958
 0.00304845 0.0052766 ] [0.9734713  0.00234756 0.0042031  0.00368629 0.00230179 0.00226555
 0.00432133 0.0074031 ] [0.958165   0.00340327 0.00379625 0.01154517 0.0033117  0.00456694
 0.0049561  0.01025559] [0.98173136 0.00155226 0.00231314 0.00306448 0.0014245  0.00170482
 0.00294625 0.0052632 ] [0.80452794 0.02674335 0.03112176 0.05040504 0.02941311 0.0162779
 0.02059528 0.02091565] [0.96188104 0.00363528 0.00559597 0.0064695  0.00490553 0.00429902
 0.00553112 0.00768254] [0.03023216 0.05582495 0.44855306 0.29276815 0.010698   0.11433586
 0.00552832 0.04205948] [0.9377665  0.00806236 0.01231093 0.00990061 0.00614021 0.0041189
 0.00806236 0.01363813] [0.9262589  0.00941456 0.01363357 0.01432784 0.00849142 0.00600808
