dataset_id,fold,checkpoint,sparsity,features,features_added,accuracy,roc_auc_score,prediction_probas,ground_truth
46980,0,wide-v2-1.5k-nocat,0.25,17,0,0.8911764705882353,0.7694302487987611,"[0.9448747  0.00445199 0.00954488 0.01287148 0.00673712 0.00669897
 0.00675619 0.0080647 ] [0.01252455 0.04292824 0.7527545  0.08841936 0.00562537 0.04039587
 0.01356954 0.04378254] [0.795483   0.02076911 0.05160995 0.04306424 0.01896841 0.02020449
 0.02113536 0.02876545] [0.9526731  0.00416962 0.0071185  0.01030008 0.00577567 0.00536367
 0.00642038 0.00817902] [0.9717909  0.00215555 0.00354044 0.00570744 0.00350611 0.00353281
 0.00460487 0.00516188] [0.98045194 0.00148008 0.00249286 0.00334162 0.00238414 0.00266833
 0.0034942  0.00368684] [0.8536589  0.01487982 0.03081267 0.03162152 0.01602442 0.01541396
 0.01590233 0.02168638] [0.98317057 0.00115273 0.00177533 0.0029824  0.00228066 0.00244656
 0.00298812 0.0032036 ] [0.9194406  0.00782019 0.01125344 0.02095048 0.01083382 0.00899513
 0.00926979 0.01143655] [0.91552037 0.00794214 0.01518238 0.01872239 0.00872796 0.0082702
 0.0119628  0.01367177] [0.8795824  0.01291932 0.0199475  0.0312872  0.01451421 0.01320167
 0.0112405  0.01730716] [0.96260613 0.0028063  0.00507081 0.00800493 0.0043306  0.00439546
 0.00612389 0.00666187] [0.0138421  0.03891659 0.7735703  0.08100756 0.00589472 0.03540647
 0.01162156 0.03974071] [0.90712965 0.0089407  0.02006316 0.01974276 0.00893307 0.00925347
 0.01158781 0.01434936] [0.75284356 0.03609816 0.02767628 0.06365238 0.04500828 0.03176516
 0.01433399 0.02862221] [0.89514244 0.01103362 0.01753476 0.0257909  0.01388741 0.01172036
 0.01014849 0.01474201] [0.8950742  0.00975859 0.02234023 0.0220503  0.0109107  0.0102469
 0.01312336 0.01649576] [0.01306137 0.05511412 0.68114454 0.13122408 0.00703804 0.05053653
 0.01241288 0.04946843] [0.7843233  0.02309078 0.05808559 0.04569318 0.01816128 0.02109151
 0.02016055 0.02939381] [0.9558815  0.00358326 0.00660967 0.00945111 0.00543496 0.00469886
 0.00687665 0.00746401] [0.90299046 0.00913399 0.02072507 0.02144236 0.0096834  0.00916451
 0.01181238 0.01504781] [0.8592963  0.01516585 0.02410668 0.03332214 0.01801898 0.01615758
 0.0138232  0.02010924] [0.98013    0.00145362 0.00235021 0.003945   0.0028977  0.0025963
 0.00307702 0.00355012] [0.9195458  0.00827127 0.0117507  0.02080027 0.01037724 0.00936241
 0.00797369 0.01191857] [0.9652216  0.00284162 0.00402405 0.00841426 0.0047869  0.00459618
 0.00451608 0.00559933] [0.966469   0.00250667 0.00436474 0.00706218 0.00389736 0.00405951
 0.00563524 0.00600533] [0.9686336  0.00246209 0.00445503 0.00591207 0.00369028 0.00376275
 0.00523314 0.00585104] [0.94241875 0.0050127  0.00802643 0.01463374 0.00689342 0.00657679
 0.00752669 0.00891147] [0.95351326 0.00371703 0.00791085 0.00902463 0.0052027  0.00517219
 0.00754087 0.00791848] [0.9493165  0.00454377 0.00716474 0.011781   0.00610414 0.00519234
 0.0077103  0.00818718] [0.8948557  0.01046561 0.02289925 0.02279246 0.01034356 0.01018338
 0.01276164 0.01569842] [0.9817435  0.00137016 0.0019394  0.00335247 0.00239135 0.00235321
 0.00337154 0.00347833] [0.8732534  0.01307988 0.02844911 0.02803703 0.01182836 0.0124999
 0.01421692 0.01863539] [0.9100521  0.00881857 0.01582155 0.0202461  0.01082487 0.00876517
 0.01178607 0.01368557] [0.9618957  0.00301355 0.00532522 0.00787339 0.00478735 0.00448218
 0.0057372  0.0068854 ] [0.7354694  0.03592495 0.03882458 0.04361661 0.0777102  0.03078191
 0.01426162 0.02341073] [0.8256395  0.02351254 0.02017104 0.04009796 0.03787029 0.02300902
 0.01071873 0.01898092] [0.865142   0.01387639 0.02639489 0.03123141 0.01659979 0.01447142
 0.01338053 0.01890362] [0.7798982  0.02936217 0.03665692 0.05176532 0.0348256  0.02571479
 0.01531442 0.02646258] [0.95053494 0.00398574 0.00779984 0.01127448 0.00588134 0.00557622
 0.00680817 0.00813929] [0.905893   0.00878271 0.01648188 0.02206741 0.01071322 0.0095076
 0.01194936 0.01460478] [0.8780637  0.0115374  0.02411257 0.02711901 0.0132085  0.01224705
 0.01510851 0.0186033 ] [0.01056021 0.06354439 0.6265318  0.1627371  0.00743945 0.05841688
 0.01406248 0.05670772] [0.7793326  0.02505608 0.05325561 0.05063098 0.02118017 0.02230937
 0.01908962 0.02914562] [0.812686   0.02116879 0.03498115 0.04307016 0.02606798 0.02071092
 0.01715481 0.02416019] [0.98336    0.00121112 0.00150198 0.00352274 0.00246611 0.0024909
 0.00257482 0.00287235] [9.8592871e-01 9.6854358e-04 1.4678370e-03 2.3786782e-03 1.9218270e-03
 2.0219719e-03 2.5865978e-03 2.7258468e-03] [0.9336258  0.00593969 0.011063   0.01514487 0.00742747 0.00717569
 0.00880462 0.01081885] [0.94979036 0.00409353 0.00740116 0.01120093 0.00586752 0.00545168
 0.00739735 0.00879746] [0.84904987 0.01824798 0.02233699 0.04256845 0.01879725 0.01652388
 0.01196952 0.02050609] [0.9758741  0.00165238 0.00262588 0.00506107 0.00343443 0.00344015
 0.00352978 0.00438219] [0.9478913  0.00471183 0.00666906 0.0137349  0.00739396 0.0066309
 0.00568854 0.0072795 ] [0.9181649  0.00779891 0.01236989 0.02144318 0.00954641 0.00881383
 0.00974482 0.01211807] [0.95299774 0.00414602 0.00563737 0.0118545  0.00638876 0.00586241
 0.00583952 0.00727366] [0.9721587  0.0021858  0.00344845 0.00560374 0.00348851 0.00324246
 0.00484462 0.00502772] [0.9671837  0.0024011  0.00358544 0.00734634 0.00442458 0.00423006
 0.00508827 0.00574052] [0.8607676  0.01415897 0.03719781 0.02857731 0.01179405 0.01329692
 0.01429629 0.01991105] [0.93539345 0.0055304  0.01170157 0.01392899 0.00800955 0.00680812
 0.00869608 0.00993184] [0.710053   0.04306589 0.04620961 0.06226394 0.05219183 0.04157033
 0.01525314 0.02939224] [0.89658016 0.01170474 0.01097224 0.02765188 0.02005219 0.01226175
 0.00814906 0.012628  ] [0.91335124 0.0084208  0.01388211 0.02196729 0.01022089 0.00946577
 0.01035056 0.01234135] [0.98423797 0.00118621 0.00162483 0.00257647 0.00211114 0.00229231
 0.00283202 0.00313906] [0.88557327 0.01148768 0.02680458 0.02469927 0.01087744 0.01080116
 0.01302089 0.0167357 ] [0.9726804  0.00225645 0.00334748 0.00526441 0.00326355 0.00338754
 0.00479519 0.00500501] [0.97177607 0.00221084 0.00348507 0.00577984 0.00362623 0.00332484
 0.00478792 0.00500919] [0.01486422 0.05594683 0.679786   0.1155563  0.00938552 0.06330264
 0.01412406 0.04703441] [0.95028955 0.00403254 0.00739362 0.0113384  0.00562342 0.00556238
 0.00730587 0.00845421] [0.9773387  0.00162568 0.00236653 0.00439363 0.00294434 0.00302062
 0.00392071 0.00438982] [0.8977506  0.01080083 0.01574359 0.02553756 0.01273064 0.01190685
 0.01064828 0.01488166] [0.95887464 0.00326119 0.00543914 0.00965008 0.00525605 0.00473731
 0.00618673 0.00659486] [0.9401566  0.00519299 0.0096305  0.0132324  0.00728011 0.00633003
 0.00861556 0.00956182] [0.9355041  0.00575611 0.01180213 0.01390775 0.00725522 0.00651139
 0.00915485 0.01010848] [0.98386043 0.00115678 0.00194068 0.00248712 0.00211138 0.00230974
 0.00297538 0.00315849] [0.9605903  0.0030999  0.00488734 0.00921003 0.0052002  0.00496365
 0.00551686 0.00653172] [0.98177814 0.00138928 0.00181837 0.00344222 0.00234376 0.00239144
 0.00338882 0.00344794] [0.8586902  0.01446965 0.02915287 0.03089198 0.01565194 0.01492731
 0.01527055 0.02094552] [0.9142369  0.00786741 0.01788671 0.01811564 0.00831763 0.00843209
 0.01153021 0.01361344] [0.96585715 0.00276195 0.00511189 0.00680186 0.00416581 0.00403229
 0.00553534 0.00573371] [0.96784914 0.0023157  0.00346974 0.00790467 0.00430713 0.00416598
 0.00466574 0.00532192] [0.87998354 0.01108678 0.02902554 0.02456946 0.0122771  0.01159038
 0.01387183 0.0175954 ] [0.9678288  0.00251021 0.0050891  0.00629461 0.00464657 0.00391029
 0.00447871 0.00524169] [0.9807999  0.00138261 0.00206342 0.00352612 0.00246009 0.0025173
 0.00362338 0.0036272 ] [0.94016737 0.00649418 0.00507095 0.01523193 0.01555244 0.00695968
 0.00411323 0.00641023] [0.965824   0.00280381 0.00440218 0.00729373 0.00446703 0.00381853
 0.00529482 0.00609591] [0.01841708 0.05114668 0.7123915  0.10595541 0.008026   0.04327327
 0.01361063 0.04717946] [0.9473271  0.00426892 0.0090872  0.01083444 0.00566138 0.00554693
 0.0081945  0.00907957] [0.96381205 0.0025824  0.00552337 0.00709112 0.0047414  0.00476428
 0.00519913 0.00628626] [0.00837143 0.05418152 0.68326706 0.13211133 0.00542578 0.04966385
 0.01349959 0.05347944] [0.9523392  0.00380974 0.00636801 0.01211791 0.00640616 0.00568504
 0.0060704  0.00720359] [0.90701896 0.00903114 0.01848942 0.02105231 0.00968711 0.00891672
 0.0116703  0.01413403] [0.9392013  0.00491075 0.01334717 0.01241615 0.00626149 0.0066774
 0.00795183 0.00923389] [0.9682876  0.00231749 0.00321778 0.00784323 0.00444806 0.00393687
 0.00462354 0.00532546] [0.8514066  0.01614084 0.0250656  0.03542442 0.01969549 0.01603405
 0.01524074 0.02099225] [0.9735047  0.00212832 0.00293884 0.00549626 0.00336984 0.003305
 0.00452364 0.00473342] [0.9416826  0.00495799 0.00868792 0.01423325 0.00767344 0.00723104
 0.00719671 0.00833705] [0.974483   0.001827   0.00304183 0.00523309 0.00321919 0.00313718
 0.00446262 0.00459611] [0.94155353 0.00558178 0.00798923 0.01623789 0.00859967 0.00711934
 0.00509723 0.00782135] [0.8112084  0.02193156 0.03586582 0.04377156 0.02593022 0.02254205
 0.01503312 0.02371722] [0.8564453  0.01531982 0.03189087 0.03234863 0.01406097 0.01422882
 0.01551819 0.02018738] [0.9433198  0.0048292  0.00984151 0.01200053 0.00595449 0.00583624
 0.0086056  0.00961263] [0.9722876  0.00191426 0.00382852 0.00534886 0.00363967 0.0037484
 0.0042272  0.0050055 ] [0.91273    0.00903451 0.01304816 0.0216401  0.01108712 0.01001122
 0.00914134 0.01330759] [0.969795   0.00236719 0.00284978 0.00797328 0.00461229 0.00420409
 0.00357462 0.00462374] [0.9380169  0.00544755 0.00930815 0.01508377 0.00756478 0.00704596
 0.00778985 0.00974303] [0.9567601  0.00351986 0.00641778 0.0090963  0.00507088 0.00497931
 0.00651317 0.00764257] [0.9714999  0.00214537 0.00365762 0.00612908 0.00380636 0.00392841
 0.00424116 0.00459205] [0.87495995 0.01350341 0.02000336 0.03210302 0.01479272 0.01322114
 0.01307618 0.01834022] [0.72201926 0.03707122 0.05278454 0.07786482 0.03551514 0.03283015
 0.01283763 0.02907726] [0.9840481  0.00112552 0.00163105 0.00278519 0.00212704 0.00227393
 0.00297214 0.003037  ] [0.94209576 0.00542566 0.00821861 0.01426238 0.00733723 0.00668478
 0.00743643 0.00853912] [0.8825397  0.01217949 0.02103175 0.02751832 0.0132326  0.01288919
 0.01298077 0.01762821] [0.97072536 0.00227743 0.00350769 0.00622954 0.00362595 0.00348671
 0.00503933 0.005108  ] [0.9651627  0.00272703 0.00472177 0.00699111 0.00400854 0.00409627
 0.0059537  0.00633891] [0.9685727  0.00243905 0.00411149 0.0063198  0.00360995 0.00380637
 0.00541588 0.00572481] [0.94221747 0.00520996 0.00909264 0.01495862 0.00767764 0.00664404
 0.00594607 0.00825356] [0.00192225 0.01338711 0.93390924 0.014394   0.00127578 0.01353204
 0.00519466 0.01638491] [0.89173764 0.01131612 0.01545188 0.02737845 0.01620731 0.0130101
 0.01012575 0.01477276] [0.8791075  0.01339265 0.01788739 0.03140978 0.01581172 0.01422445
 0.01145434 0.0167122 ] [9.9060553e-01 6.8465719e-04 7.8764185e-04 1.5180700e-03 1.3826642e-03
 1.4522743e-03 1.7307142e-03 1.8384666e-03] [0.95701665 0.00362391 0.00651159 0.00877367 0.00478356 0.00452416
 0.0069312  0.00783527] [0.9596557  0.00330416 0.0058872  0.00809633 0.00446405 0.00450983
 0.00688303 0.00719971] [0.9799272  0.00155917 0.00214756 0.00382403 0.00261102 0.00249086
 0.00367526 0.0037649 ] [0.96637493 0.00254458 0.00426131 0.00750784 0.00453217 0.00452073
 0.00460084 0.00565758] [0.01856973 0.04858343 0.7079997  0.11169305 0.0072898  0.04083205
 0.01547224 0.04955998] [0.8988092  0.0097491  0.01716391 0.02401422 0.011763   0.01053483
 0.01254873 0.01541701] [0.9004868  0.01051443 0.01441347 0.02691938 0.01281112 0.01139953
 0.00962169 0.01383357] [0.76139313 0.02763957 0.05640854 0.05213516 0.0288758  0.02676963
 0.01816184 0.02861634] [0.95246595 0.00406955 0.00728477 0.00987067 0.00535106 0.00503068
 0.00765091 0.00827641] [0.87681264 0.01529449 0.01559198 0.02877347 0.03025333 0.0128611
 0.00704843 0.01336456] [9.9096036e-01 6.5342360e-04 7.6550723e-04 1.3678970e-03 1.3202019e-03
 1.3946063e-03 1.7084405e-03 1.8295861e-03] [0.96368706 0.00276514 0.00471408 0.00771569 0.00478274 0.00432887
 0.00553791 0.00646852] [0.9765569  0.00172614 0.00222586 0.00517651 0.00349424 0.00325773
 0.0033016  0.00426099] [0.96823215 0.00233452 0.00354756 0.00788092 0.00425326 0.0040816
 0.00444017 0.00522979] [0.863842   0.01460389 0.02661356 0.03198511 0.01707602 0.01443603
 0.01348227 0.0179611 ] [0.9824528  0.00127606 0.00168329 0.00333606 0.00240143 0.00227935
 0.00313959 0.00343143] [0.92135155 0.00701496 0.01643309 0.01652464 0.00780076 0.00740786
 0.01046713 0.01299999] [0.9276636  0.0076784  0.00601532 0.01995697 0.0167071  0.0088952
 0.00517234 0.00791108] [0.9483507  0.00422335 0.00791259 0.01160564 0.00596687 0.00565021
 0.00755396 0.00873666] [0.8473102  0.01651278 0.02824876 0.03586417 0.01782526 0.01665013
 0.01553605 0.02205265] [0.96391684 0.00270667 0.0047381  0.00791209 0.00455498 0.00411246
 0.00575286 0.00630602] [0.89533705 0.00996972 0.020748   0.02321945 0.01057232 0.01002311
 0.01382183 0.01630853] [0.8436277  0.01552357 0.03344242 0.03347293 0.01696531 0.0158821
 0.0180943  0.02299166] [0.00438608 0.04131308 0.76401734 0.09281712 0.00321519 0.04149615
 0.00887896 0.04387607] [0.94205266 0.00548264 0.00547882 0.01651278 0.01233117 0.00711179
 0.00433804 0.0066921 ] [0.9457503  0.0046575  0.00799518 0.01285484 0.00675547 0.00589339
 0.00766332 0.00843003] [0.69827414 0.04620573 0.04504601 0.0607938  0.06222819 0.03967467
 0.01670914 0.03106832] [0.95512366 0.00355356 0.00555446 0.01106315 0.00602369 0.00555828
 0.00603514 0.00708805] [0.9563259  0.00384625 0.00579321 0.01008377 0.0052669  0.00459185
 0.00687634 0.00721577] [0.8951015  0.01298642 0.01098733 0.03026095 0.01747291 0.01188006
 0.00783611 0.01347474] [0.87365514 0.01237658 0.02975873 0.02763746 0.01149145 0.01180429
 0.01499382 0.01828254] [0.83411163 0.0183286  0.03760339 0.03836645 0.01562738 0.01639044
 0.01634466 0.02322742] [0.95984745 0.00339468 0.00426051 0.01061886 0.00560313 0.00514542
 0.00492419 0.00620578] [0.09786175 0.06489523 0.589002   0.09505349 0.02145877 0.05701989
 0.02150455 0.05320432] [0.96627176 0.00239935 0.00508861 0.00766343 0.00477582 0.00437911
 0.00422271 0.00519923] [0.9814322  0.00133322 0.0019016  0.00350947 0.00239941 0.00243756
 0.00348086 0.00350566] [0.8720304  0.01555562 0.01298464 0.02924976 0.03024154 0.01634141
 0.00908619 0.01451044] [0.9340856  0.00590517 0.01202397 0.01403051 0.0067673  0.00667193
 0.00964359 0.01087193] [9.8820305e-01 8.0626784e-04 9.4263244e-04 2.2867301e-03 1.7956266e-03
 1.7851370e-03 2.0025575e-03 2.1780198e-03] [0.97243553 0.00221202 0.00323032 0.00578177 0.00342863 0.00313688
 0.00482831 0.00494654] [0.94321907 0.00498125 0.00758249 0.01465389 0.007018   0.00657556
 0.00715912 0.00881064] [0.86032534 0.01316793 0.03155421 0.02929598 0.01473191 0.01403003
 0.01655528 0.02033935] [0.9724596  0.00223305 0.00289477 0.00641884 0.00377579 0.00362514
 0.00407327 0.0045195 ] [0.8932845  0.01174451 0.01756716 0.02614469 0.01492674 0.01158425
 0.01014957 0.0145986 ] [0.87225664 0.01335429 0.02780745 0.02925735 0.01281249 0.01238515
 0.01413266 0.01799396] [0.93327636 0.00614279 0.0123161  0.01529974 0.00801233 0.00710427
 0.0082031  0.00964532] [0.7906118  0.02008271 0.07306688 0.03729646 0.01671016 0.02090677
 0.01683224 0.02449297] [0.974908   0.00191842 0.00272698 0.00541963 0.00316368 0.00304163
 0.00435554 0.00446614] [0.95135695 0.00404437 0.00840923 0.01058403 0.00570408 0.00549423
 0.00671899 0.00768811] [0.9077703  0.00939999 0.01326833 0.0242477  0.01292498 0.01065128
 0.00898798 0.0127495 ] [0.92218035 0.00726937 0.01240293 0.01896291 0.00934415 0.00854323
 0.00933653 0.01196052] [0.92595786 0.00701657 0.00948515 0.02023701 0.01153021 0.00893573
 0.0070013  0.00983617] [0.96746415 0.00248001 0.00380968 0.00726071 0.00407103 0.00410919
 0.00509738 0.00570784] [0.9743125  0.00201074 0.0027166  0.00557437 0.00325648 0.00325076
 0.00434961 0.00452894] [0.94022167 0.00546907 0.00830657 0.01465282 0.0080396  0.00723488
 0.00690689 0.0091685 ] [0.8538736  0.01675159 0.02193879 0.03984988 0.01919263 0.01632441
 0.01217466 0.01989442] [0.8668712  0.01565862 0.01758161 0.03296552 0.02342689 0.0156281
 0.01089694 0.01697114] [0.84215665 0.01749916 0.02683612 0.03685961 0.02059622 0.01839929
 0.0152412  0.02241174] [0.94909567 0.00443592 0.00778097 0.0109315  0.00554585 0.00532081
 0.00814714 0.00874215] [0.01959199 0.06744282 0.5942292  0.1826144  0.01002487 0.05773838
 0.01397684 0.05438149] [0.86543906 0.01515556 0.02094001 0.03473722 0.01781122 0.01445349
 0.01275173 0.0187117 ] [0.9152241  0.00909608 0.01010336 0.02391536 0.01329309 0.01014915
 0.00728373 0.01093513] [0.97277683 0.0022128  0.00307884 0.0056579  0.00350805 0.00312081
 0.00463162 0.00501313] [0.8111032  0.02224918 0.03026072 0.04932055 0.02453819 0.0221271
 0.015344   0.02505703] [0.9786015  0.00153555 0.00247405 0.00399052 0.00268578 0.00290896
 0.00372156 0.00408208] [0.9710432  0.00215688 0.00395142 0.00574024 0.00357764 0.00365964
 0.00459219 0.00527874] [0.95636785 0.00381019 0.0047675  0.01168609 0.0062397  0.00554174
 0.00503066 0.00655626] [0.973604   0.0018434  0.00339689 0.00523361 0.00376309 0.00345029
 0.00394809 0.0047606 ] [0.9774095  0.00164868 0.00339654 0.00364446 0.00293311 0.00308568
 0.00364446 0.00423757] [0.9231955  0.00628182 0.01824666 0.01517249 0.0088716  0.00800961
 0.00915384 0.01106852] [0.8602072  0.01450105 0.03322807 0.03046669 0.0126703  0.01373823
 0.0150045  0.02018399] [0.34738562 0.08550373 0.22215103 0.09331563 0.09172884 0.08007202
 0.02598374 0.05385942] [0.88360703 0.01202145 0.02042731 0.02898573 0.01360041 0.01286051
 0.01101458 0.01748297] [0.12851651 0.08482333 0.33075    0.269726   0.02625557 0.06614999
 0.02317386 0.07060475] [0.9767879  0.00171701 0.00251828 0.00479618 0.00302003 0.00316502
 0.00372591 0.00426963] [0.89113367 0.0107348  0.02529965 0.02285819 0.01024651 0.01058984
 0.01313049 0.01600684] [0.9178882  0.00883406 0.00980291 0.02401523 0.01096248 0.00966559
 0.00725873 0.01157278] [0.9644677  0.00275644 0.00398682 0.00908004 0.00487575 0.00447516
 0.00462395 0.00573416] [0.8505081  0.0158982  0.02657838 0.03521406 0.0195142  0.01612706
 0.01525739 0.02090263] [0.93256027 0.0061985  0.01027617 0.01644797 0.00757934 0.00699573
 0.00933781 0.01060421] [0.977212   0.0017312  0.00297405 0.00400991 0.00277183 0.00300266
 0.00409766 0.00420067] [0.92728853 0.00693162 0.00973555 0.01809775 0.01502297 0.00985
 0.00535608 0.00771749] [0.00968203 0.05139337 0.7085204  0.12018235 0.00558109 0.04886032
 0.01064337 0.04513705] [0.839317   0.01609728 0.03607013 0.03518516 0.01701277 0.01591419
 0.01782145 0.02258197] [0.89872694 0.01010671 0.02144911 0.02222714 0.01009146 0.01009146
 0.01232637 0.01498082] [0.97599787 0.00168596 0.00282838 0.0048481  0.00308203 0.00335286
 0.00398223 0.00422254] [0.88176864 0.01063456 0.03432966 0.02155902 0.01328176 0.01242734
 0.01161105 0.01438794] [0.814304   0.01853603 0.04640874 0.03862818 0.01818515 0.01842924
 0.01948191 0.02602673] [0.96851355 0.00246751 0.00379851 0.00715844 0.00439346 0.00425616
 0.00416463 0.00524774] [0.88488716 0.0132846  0.01166695 0.03152899 0.02203672 0.01371954
 0.00875212 0.01412395] [0.9596648  0.00324505 0.00584147 0.00814983 0.00450224 0.00461289
 0.00681823 0.00716544] [0.94309056 0.00498315 0.01095073 0.01101178 0.00595231 0.00574246
 0.00844007 0.00982895] [0.00199491 0.01167194 0.9408345  0.01196183 0.00122918 0.01161091
 0.00543165 0.01526506] [0.95307046 0.00435232 0.00535553 0.01276325 0.00695761 0.00559584
 0.00516099 0.006744  ] [0.96869826 0.00229633 0.0044744  0.00617185 0.00408532 0.00392893
 0.00484441 0.0055005 ] [0.9648603  0.0028172  0.0046006  0.00735868 0.00436027 0.00424583
 0.00551233 0.00624477] [0.9393707  0.00509599 0.01169484 0.0121373  0.00697647 0.00620215
 0.00814748 0.01037507] [0.85992235 0.01582445 0.0203261  0.03549438 0.0207076  0.01628225
 0.01245966 0.01898324] [0.9174455  0.00819366 0.01254988 0.02018661 0.01013145 0.00948298
 0.00935328 0.01265668] [0.89147913 0.0111145  0.01929972 0.02630254 0.0122969  0.01141964
 0.01194599 0.01614158] [0.8441159  0.01604992 0.03194727 0.03536475 0.0165839  0.01518792
 0.0177434  0.02300692] [0.26297557 0.07551086 0.27664933 0.20010072 0.03702291 0.05777771
 0.02421902 0.06574389] [0.9439773  0.00514673 0.00618447 0.01413158 0.01187297 0.00717262
 0.00468891 0.00682543] [0.916103   0.00908748 0.00920193 0.02440113 0.01352058 0.01017858
 0.00695486 0.01055246] [0.8123636  0.02527957 0.02367767 0.04100874 0.03984927 0.02270127
 0.01353227 0.02158756] [0.9509724  0.00471779 0.00575517 0.01384445 0.00746761 0.00593824
 0.00464151 0.00666288] [0.9775931  0.00170145 0.0024053  0.00456645 0.00281731 0.00270286
 0.00408195 0.00413155] [0.92104954 0.00762683 0.01169778 0.01999229 0.00989695 0.00915678
 0.00892786 0.011652  ] [0.89724874 0.0099235  0.02835938 0.01925204 0.00902344 0.00997689
 0.01145664 0.01475939] [0.00171694 0.01240773 0.9391413  0.01345315 0.00118946 0.01249167
 0.00451363 0.01508615] [0.87904036 0.01515429 0.01336111 0.03131581 0.02365473 0.01426915
 0.00878277 0.01442176] [0.89981997 0.01035214 0.01527265 0.02496109 0.01269415 0.01126758
 0.01062677 0.01500565] [0.95811015 0.00360146 0.00484518 0.0105068  0.00591723 0.00515421
 0.00557005 0.00629492] [0.9603961  0.00322896 0.00557678 0.00820877 0.00486347 0.00465749
 0.0059773  0.00709113] [0.9302716  0.00616519 0.01239141 0.01520695 0.00777134 0.00757677
 0.00925541 0.01136134] [0.82915217 0.01805225 0.03463957 0.03970579 0.01832693 0.01690777
 0.01855582 0.02465971] [0.92563295 0.00680814 0.0128611  0.0165989  0.00807823 0.00759385
 0.01029803 0.01212879] [0.97750735 0.00171465 0.00303259 0.0039519  0.0028781  0.0029048
 0.00385272 0.00415788] [0.9376645  0.00586803 0.00903479 0.01526147 0.00761547 0.00620379
 0.00850064 0.00985128] [0.98153144 0.00136769 0.00186937 0.00344879 0.00237677 0.00239012
 0.00351364 0.0035022 ] [0.94785154 0.00441406 0.00779423 0.01189545 0.00620715 0.00535639
 0.00793539 0.0085458 ] [0.90964717 0.00893382 0.01404539 0.02259775 0.01135991 0.01039863
 0.00983406 0.01318329] [0.94830006 0.00453214 0.00627937 0.013543   0.00702329 0.00621071
 0.00611533 0.00799609] [0.9513243  0.00413961 0.00576493 0.01270498 0.00644406 0.00535288
 0.00662719 0.00764206] [0.76449096 0.03551514 0.02775002 0.06196843 0.04158689 0.03113678
 0.01187652 0.02567525] [0.8295519  0.01940829 0.0275256  0.04592685 0.02030852 0.02004913
 0.01367125 0.02355849] [0.9579128  0.00369226 0.00613343 0.00884159 0.00505397 0.00456574
 0.006286   0.00751421] [0.87440497 0.01255645 0.02346515 0.02920176 0.0142042  0.01277005
 0.01450934 0.01888807] [0.9371404  0.00555878 0.00816457 0.0168938  0.00853083 0.00719932
 0.00731759 0.00919468] [0.93088424 0.00622324 0.01066079 0.01666654 0.00843247 0.00704741
 0.00942453 0.01066079] [0.87245876 0.01318209 0.02480795 0.0302242  0.0138     0.01271675
 0.01419668 0.01861359] [0.9415571  0.00498661 0.0098435  0.01297205 0.00633723 0.0061808
 0.00848525 0.00963747] [0.89981997 0.01075646 0.00983339 0.02677672 0.01994141 0.01241189
 0.00809405 0.01236612] [0.90966797 0.00886536 0.01951599 0.01902771 0.0088501  0.0089035
 0.01117706 0.01399231] [0.00159904 0.01190744 0.94222105 0.01276941 0.00106698 0.01174725
 0.00419545 0.01449336] [0.9741657  0.00206194 0.00390643 0.00460837 0.00316825 0.0031549
 0.00428792 0.00464651] [0.9825446  0.00129334 0.00171397 0.00319521 0.00222615 0.00226621
 0.00338787 0.00337261] [0.94914633 0.00429502 0.0084985  0.01052013 0.00562243 0.0054546
 0.00806365 0.00839932] [0.00530498 0.01223463 0.9406937  0.01008366 0.00244273 0.01048029
 0.00547279 0.01328724] [0.931028   0.00638876 0.01016863 0.0168282  0.00863532 0.00801742
 0.00828442 0.01064921] [0.89291656 0.01293728 0.01157185 0.02724762 0.02415061 0.01346362
 0.00646101 0.01125147] [0.86776847 0.01499336 0.01994537 0.03323719 0.01783943 0.01535961
 0.01223886 0.01861771] [0.90710545 0.01030594 0.0107255  0.02672983 0.01514233 0.01108403
 0.00735757 0.01154936] [0.9275752  0.00730389 0.00987837 0.01964995 0.00939017 0.00776158
 0.00779972 0.01064118] [0.8543553  0.0136468  0.03658472 0.0305432  0.01408923 0.01384513
 0.01633955 0.02059606] [0.89996415 0.01025461 0.01548873 0.02662842 0.01245203 0.01154407
 0.0093848  0.01428321] [0.84419966 0.01617358 0.03619219 0.0335678  0.01715009 0.01577687
 0.0161278  0.02081204] [0.76035255 0.0341536  0.01866392 0.04312693 0.08271337 0.03186448
 0.00956087 0.0195643 ] [0.8006346  0.02279246 0.03911637 0.04540184 0.0245469  0.02253311
 0.01809361 0.02688106] [0.8677883  0.0144901  0.02357789 0.03287169 0.01703102 0.01390256
 0.01234596 0.01799245] [0.98394865 0.001175   0.00161563 0.00299663 0.00209822 0.00227752
 0.00280779 0.00308056] [0.96441436 0.00265138 0.00460081 0.00802661 0.00483733 0.00449399
 0.00511582 0.00585973] [0.9395714  0.00551675 0.00795083 0.01544384 0.00835524 0.00736711
 0.00696651 0.00882832] [0.94364965 0.00525555 0.00858127 0.01276893 0.00711292 0.00622809
 0.00711292 0.00929065] [0.63172024 0.04802587 0.07872093 0.09361079 0.04119119 0.04302191
 0.02230426 0.04140477] [0.97635484 0.00169623 0.00294241 0.0043402  0.00300534 0.00308353
 0.00416858 0.00440885] [0.9276105  0.00643072 0.01358614 0.01565343 0.00758261 0.00748725
 0.01034408 0.01130525] [0.9172915  0.0079787  0.01421063 0.01940518 0.00916864 0.008772
 0.01024417 0.01292916] [0.08795837 0.0803284  0.42801118 0.23024218 0.02281363 0.05814042
 0.02328669 0.06921915] [0.13267423 0.06877822 0.44721103 0.17807885 0.02454839 0.05037837
 0.02863725 0.06969364] [0.9829036  0.0012617  0.00181769 0.00279806 0.0022106  0.00240324
 0.00319669 0.00340841] [0.86661327 0.01290003 0.02729527 0.02970592 0.01411298 0.01295343
 0.01626426 0.02015486] [0.9458152  0.0046807  0.00763333 0.01327535 0.00695048 0.00647364
 0.00673304 0.00843824] [0.97007793 0.00215119 0.0036101  0.0064917  0.00381988 0.00395147
 0.00461132 0.00528642] [0.9175225  0.00824012 0.01317657 0.02061557 0.01009415 0.00917858
 0.00840035 0.01277219] [0.8890042  0.01109119 0.02546245 0.023708   0.01138869 0.0110378
 0.01289141 0.0154163 ] [0.92865425 0.00643119 0.01274794 0.01574611 0.00762893 0.00731614
 0.00986421 0.01161123] [0.84267056 0.01579092 0.04027829 0.03295496 0.01406689 0.01510436
 0.01643171 0.02270231] [0.90103704 0.01021755 0.01495624 0.02510511 0.01304855 0.00998863
 0.01123244 0.01441446] [0.5429853  0.06506547 0.08764916 0.0745262  0.10882901 0.05868709
 0.01992859 0.04232917] [0.86464715 0.01478407 0.02058175 0.03338241 0.02041392 0.01608092
 0.01213698 0.0179728 ] [0.9334406  0.0056639  0.01046581 0.01513424 0.00874948 0.00775782
 0.00822314 0.01056498] [0.56823796 0.05162472 0.08213577 0.0438749  0.15719298 0.04622426
 0.01900839 0.03170099] [0.9165843  0.00745076 0.01739655 0.01754915 0.00817943 0.00815654
 0.01139169 0.01329157] [0.98002625 0.00155933 0.00213633 0.00378817 0.00256169 0.00249684
 0.00367563 0.00375575] [0.91465896 0.00770278 0.01881631 0.01806854 0.00861461 0.00833991
 0.01049166 0.01330724] [0.8845834  0.01215875 0.01804743 0.02775002 0.01565229 0.01226554
 0.01312748 0.01641508] [0.9287641  0.00640524 0.01264263 0.01574797 0.00794265 0.00775954
 0.0093618  0.01137608] [0.9316086  0.00616815 0.01063501 0.01669254 0.00823183 0.00779697
 0.00873536 0.01013149] [0.9760752  0.00173283 0.00305939 0.00512314 0.00372887 0.00357628
 0.00297547 0.00372887] [0.0163274  0.04812769 0.7158422  0.10779138 0.006592   0.04086429
 0.01510666 0.04934843] [0.11640115 0.07428432 0.42043582 0.2168101  0.02459867 0.05578954
 0.02423244 0.06744797] [0.91667175 0.00757738 0.01605519 0.01848178 0.00903486 0.00871436
 0.01056102 0.01290367] [0.9383656  0.00481739 0.01191571 0.01252599 0.00679699 0.00656813
 0.00881854 0.01019167] [0.04156367 0.08129635 0.44334584 0.26171076 0.0171351  0.06554976
 0.02134639 0.06805212] [0.9083972  0.00874515 0.01942859 0.01973383 0.00897408 0.0090504
 0.0114618  0.01420897] [0.00561261 0.02477026 0.865906   0.03992544 0.00266131 0.02324406
 0.00859252 0.02928782] [0.906416   0.0090196  0.01793236 0.02164092 0.00936298 0.00911117
 0.01207954 0.01443746] [0.9694121  0.00236554 0.00334418 0.00707753 0.00390504 0.00348344
 0.00497526 0.00543692] [0.9589734  0.0033073  0.00531    0.01032245 0.00574105 0.00527185
 0.00463099 0.00644295] [0.9108391  0.00841702 0.01599463 0.02066481 0.00992796 0.00971429
 0.01085132 0.01359085] [0.00245903 0.01745928 0.9122782  0.02193094 0.00154524 0.01745928
 0.00605123 0.02081684] [0.98075783 0.00150936 0.00193747 0.00357555 0.00244472 0.00244472
 0.00366709 0.00366327] [0.972142   0.00198168 0.00365629 0.00579056 0.00359907 0.00366773
 0.00429142 0.00487124] [0.00445157 0.02705275 0.8549462  0.04617125 0.00263776 0.02722059
 0.00787322 0.02964664] [0.01307145 0.06599058 0.60801685 0.17251563 0.00834039 0.05851246
 0.01531488 0.05823776] [0.9475262  0.00458798 0.00807759 0.01144897 0.0060067  0.00541175
 0.00785639 0.00908443] [0.8724188  0.0133493  0.02224375 0.02927693 0.01623275 0.01460032
 0.01318911 0.01868902] [0.0088063  0.02423641 0.8737318  0.03522521 0.00421619 0.02287807
 0.00735639 0.02354961] [0.8895534  0.01161833 0.01948339 0.02731032 0.01299147 0.01183956
 0.0108631  0.01634042] [0.96667516 0.00261655 0.00433295 0.00681982 0.00416894 0.00392864
 0.00529032 0.00616759] [0.95666337 0.00372361 0.00574566 0.01030861 0.00562739 0.00490632
 0.0061081  0.00691692] [0.01659662 0.06528819 0.60138357 0.17877981 0.00861102 0.05525089
 0.01569662 0.05839327] [0.64995193 0.05429491 0.05148708 0.08942333 0.05041889 0.04678702
 0.01881552 0.03882132] [0.8966075  0.01043845 0.01980863 0.02440215 0.01092679 0.01040792
 0.01207136 0.01533719] [0.92821556 0.00860589 0.00805658 0.02099593 0.01160422 0.0085296
 0.00519558 0.00879662] [0.95843214 0.00376676 0.00402424 0.01174085 0.00644641 0.0052563
 0.00451249 0.00582084] [0.9499887  0.00405033 0.00829135 0.01076274 0.00573606 0.00570936
 0.00729974 0.00816168] [0.9783803  0.00156286 0.00252117 0.00383324 0.00265276 0.00291403
 0.00398581 0.00414982] [0.86553776 0.01517925 0.02683448 0.03340961 0.0140122  0.01293669
 0.01305111 0.0190389 ] [0.9228551  0.00767139 0.01113896 0.01998909 0.01023869 0.00846103
 0.00823978 0.01140599] [0.91062367 0.00855236 0.01473202 0.02140759 0.0111997  0.01022315
 0.00990273 0.01335876] [0.95509815 0.00364502 0.00602353 0.0105593  0.00549328 0.00545132
 0.00629438 0.007435  ] [0.89339113 0.01121316 0.01556112 0.02701837 0.0152026  0.01222768
 0.01047324 0.01491274] [0.9248117  0.00588231 0.01524365 0.01600659 0.00847632 0.00802618
 0.00970466 0.01184854] [0.8666199  0.01433432 0.02181807 0.03320009 0.0176528  0.01520399
 0.01266364 0.01850722] [0.8842234  0.01100854 0.02296308 0.02564846 0.01230546 0.01121453
 0.01443393 0.01820263] [0.8881158  0.01017684 0.0253124  0.02380189 0.0116492  0.01097023
 0.01340382 0.01656978] [0.9114299  0.00779942 0.0162472  0.0196492  0.01042719 0.00913047
 0.01125862 0.01405802] [0.95657945 0.0038034  0.005089   0.01083415 0.00629068 0.00558874
 0.00496693 0.00684764] [0.94210297 0.00471982 0.01008829 0.01247682 0.00767305 0.00644445
 0.00780278 0.0086918 ]",0 2 4 0 0 0 0 0 0 0 0 0 2 0 0 0 0 2 0 0 0 2 0 0 0 0 0 0 0 0 0 0 1 0 0 2 0 0 0 0 0 0 3 0 0 0 0 0 0 0 0 0 0 0 0 0 1 0 0 0 0 0 0 0 0 3 0 0 0 0 0 0 0 0 0 0 0 0 0 0 0 0 0 0 2 0 0 3 0 2 0 0 4 0 0 0 5 0 0 0 7 0 0 0 0 0 0 3 0 0 0 0 0 0 0 2 0 0 0 0 0 0 0 2 0 0 0 0 0 0 0 0 0 0 0 0 0 0 0 0 0 0 2 0 0 0 0 0 0 0 0 0 7 0 0 0 0 0 0 3 4 0 0 0 0 0 0 0 0 0 0 0 0 0 0 3 0 0 5 0 3 0 0 0 0 0 0 0 1 0 0 0 2 0 7 0 0 0 0 0 6 2 0 0 0 0 3 0 0 0 0 2 0 0 0 0 0 0 0 4 3 0 0 0 0 0 0 0 2 7 0 0 0 0 1 0 0 0 0 0 0 0 0 0 0 0 0 0 0 0 0 0 6 2 0 0 0 2 0 0 0 0 0 0 0 7 0 0 0 0 0 0 0 0 0 0 0 3 0 0 0 0 0 0 0 0 4 0 0 0 0 0 0 0 0 0 0 0 0 2 0 0 0 1 0 2 0 0 0 0 2 0 0 2 3 0 0 2 0 7 0 2 5 0 0 0 0 0 0 0 0 0 0 0 0 0 0 0 0 0
46980,1,wide-v2-1.5k-nocat,0.25,17,0,0.888235294117647,0.8047796048033782,"[0.9503766  0.00506307 0.00656253 0.00715392 0.00644425 0.0058872
 0.00799713 0.01051531] [0.94509256 0.0059648  0.00683053 0.01032017 0.00656738 0.00638432
 0.00710894 0.01173128] [0.81414497 0.02315271 0.04722114 0.03540822 0.02789924 0.01941347
 0.00876811 0.02399212] [0.9568998  0.0044931  0.00528644 0.0064574  0.00582424 0.00438249
 0.00719735 0.00945915] [0.90166974 0.01122816 0.01276135 0.02584307 0.01149513 0.01192992
 0.00963394 0.01543871] [0.9637146  0.00313328 0.00294448 0.00704844 0.00406201 0.00561435
 0.0046265  0.00885633] [0.865307   0.01635879 0.02333265 0.0271324  0.01782376 0.01300921
 0.01718284 0.01985335] [0.78905046 0.02807574 0.03866518 0.0469048  0.02845721 0.01957673
 0.02273525 0.02653463] [0.9240114  0.00822612 0.01056118 0.01619279 0.01011095 0.00854662
 0.0092334  0.01311753] [0.07641719 0.076112   0.40454718 0.26440832 0.02236973 0.06964218
 0.01503014 0.07147326] [0.85907024 0.01715454 0.02286255 0.03147035 0.01869601 0.0155215
 0.01567413 0.01955068] [0.01779602 0.03931609 0.7213648  0.12637314 0.0062309  0.04578737
 0.00357141 0.03956029] [0.8048472  0.02728813 0.03748302 0.04111533 0.02374739 0.01825313
 0.02031348 0.02695237] [1.4036463e-03 4.4474229e-03 9.7254378e-01 6.4270217e-03 4.3649395e-04
 5.3475872e-03 2.1693582e-04 9.1771008e-03] [0.9748399  0.0022741  0.00219588 0.00270717 0.00303149 0.00313452
 0.00456727 0.00724964] [0.04516602 0.07342529 0.4387207  0.27197266 0.01850891 0.07940674
 0.01179504 0.06100464] [0.8624231  0.01709219 0.02192989 0.03134586 0.01791628 0.01351351
 0.01528378 0.02049537] [0.8047489  0.02809357 0.03622713 0.04303307 0.02292045 0.01735057
 0.01997528 0.02765104] [0.8858774  0.01460489 0.01884748 0.02286115 0.01445991 0.01082776
 0.01422336 0.01829808] [0.95023155 0.00485248 0.00545141 0.00970496 0.00590538 0.0066569
 0.0064776  0.01071971] [9.8576415e-01 9.6266030e-04 8.0102496e-04 1.2358670e-03 1.5171793e-03
 2.1990042e-03 2.4393117e-03 5.0807865e-03] [0.92436576 0.00889635 0.01090299 0.01435166 0.00964407 0.00779003
 0.01036127 0.01368786] [0.90848345 0.01090754 0.01492731 0.01659776 0.01199066 0.00890147
 0.01214322 0.01604857] [0.76419514 0.03311309 0.04370317 0.05316405 0.0285505  0.02145484
 0.0257275  0.03009171] [0.90589994 0.01119403 0.01529164 0.01854226 0.01377316 0.01004182
 0.01084302 0.01441413] [0.970374   0.00281189 0.00292445 0.00375237 0.00378862 0.00326973
 0.00536434 0.00771458] [0.9269134  0.00843953 0.00982831 0.01523083 0.00908813 0.00798169
 0.00933232 0.01318581] [0.935554   0.0070458  0.0095597  0.01103219 0.00794989 0.0070458
 0.00922401 0.0125886 ] [0.86628366 0.0184952  0.01904457 0.02426351 0.02539276 0.01568735
 0.01216991 0.01866307] [0.8715022  0.01714931 0.02511367 0.02622746 0.01612706 0.01260261
 0.01183974 0.01943792] [0.79777855 0.02685301 0.03905892 0.0421104  0.026319   0.01890391
 0.02223002 0.02674621] [0.7411318  0.03979067 0.05260669 0.05831286 0.02647117 0.02259585
 0.02436568 0.03472529] [0.9620976  0.00373149 0.00417026 0.00523476 0.00491427 0.00419315
 0.00629545 0.00936305] [0.9040155  0.01105752 0.01449917 0.01976466 0.01263717 0.00925657
 0.01227088 0.01649853] [0.96032834 0.00387906 0.00468386 0.00543145 0.00505765 0.00441686
 0.00673591 0.00946689] [0.9433414  0.00576008 0.00779709 0.00804886 0.00781998 0.00588597
 0.00930768 0.01203895] [0.87480646 0.01700979 0.02433239 0.02202882 0.01931335 0.01362308
 0.01042708 0.01845905] [0.9044832  0.01173643 0.01517799 0.02009997 0.01304132 0.01067572
 0.01001946 0.01476592] [0.9222929  0.00896385 0.01210693 0.01338857 0.01039807 0.00794922
 0.0108558  0.01404464] [0.94589096 0.00576837 0.0070426  0.00933164 0.00671832 0.00608884
 0.00794296 0.01121628] [0.94479537 0.00599652 0.00748421 0.00938387 0.00761009 0.00553496
 0.00843022 0.01076475] [0.92298186 0.00897343 0.01180434 0.01342963 0.01001881 0.00734433
 0.01146097 0.01398665] [0.07440186 0.07147217 0.3569336  0.30541992 0.02142334 0.10333252
 0.01202393 0.05499268] [0.8612033  0.01655339 0.02131344 0.0322524  0.01801802 0.01585158
 0.01505061 0.01975727] [0.91376245 0.0098821  0.01365943 0.01620817 0.011187   0.00912664
 0.01158381 0.01459041] [0.95782876 0.00438227 0.00500395 0.00640749 0.00549595 0.00448525
 0.00690713 0.00948919] [0.6751487  0.04851259 0.06907704 0.077254   0.03414188 0.02892449
 0.02755149 0.03938978] [0.95558465 0.00467309 0.00559245 0.00683988 0.00600063 0.00463876
 0.00720229 0.00946826] [0.9372191  0.00649024 0.00779134 0.01196554 0.00796685 0.00765016
 0.00821868 0.01269812] [0.84610105 0.01878156 0.02358757 0.03734953 0.02010894 0.01725585
 0.01608105 0.02073448] [0.853151   0.01799272 0.02484491 0.03143766 0.01979352 0.01404775
 0.01814533 0.02058709] [0.8321392  0.02098356 0.02435619 0.04767464 0.01990004 0.01999161
 0.01397123 0.02098356] [0.92866135 0.00843766 0.01027625 0.01402971 0.00907849 0.00801807
 0.00848343 0.01301505] [3.1750889e-03 1.6232047e-02 8.8946736e-01 4.6224721e-02 1.3901741e-03
 2.1922417e-02 7.1844732e-04 2.0869775e-02] [0.8685927  0.01560104 0.01988084 0.03222435 0.01678351 0.01351073
 0.01386166 0.01954517] [0.95764375 0.00394491 0.00413567 0.00808058 0.00541757 0.0056503
 0.0058258  0.00930144] [7.1573677e-04 3.6659455e-03 9.7656822e-01 6.2561398e-03 2.8133555e-04
 4.7722142e-03 1.5294641e-04 7.5874771e-03] [0.9516275  0.00511533 0.00634362 0.00766728 0.00616052 0.00532132
 0.0075414  0.01022304] [0.86952275 0.01641645 0.01984926 0.03152081 0.01876602 0.01507384
 0.01173258 0.01711827] [0.840769   0.01931645 0.02541959 0.03878548 0.02192554 0.01638694
 0.01678364 0.02061337] [0.86284566 0.01689251 0.0217451  0.0317097  0.01754868 0.01357352
 0.01491638 0.02076848] [0.8665802  0.01653826 0.01597376 0.03823328 0.0156076  0.01710275
 0.01148829 0.01847586] [0.9764843  0.00208266 0.0021475  0.00257662 0.00302481 0.00291992
 0.00422253 0.00654168] [0.9001015  0.01252261 0.01652892 0.02167227 0.01361385 0.01104218
 0.00996619 0.01455247] [0.92254627 0.00990492 0.01204157 0.01305648 0.00924866 0.00779879
 0.01033988 0.01506341] [0.8307058  0.02376192 0.02968333 0.03632202 0.0209691  0.01553605
 0.01924456 0.02377719] [0.81382203 0.02335711 0.02421145 0.05550174 0.02210611 0.02411991
 0.01404325 0.0228384 ] [0.9743367  0.00221683 0.0023313  0.00297803 0.00280252 0.00342254
 0.00428867 0.00762345] [9.8979825e-01 6.3518056e-04 4.1558547e-04 7.2673813e-04 1.0510045e-03
 1.7434085e-03 1.5936737e-03 4.0361625e-03] [0.96236193 0.00386413 0.00429517 0.00538994 0.0050123  0.00391372
 0.00646564 0.00869714] [0.88281924 0.01464855 0.02084366 0.02357501 0.01490795 0.0116578
 0.01351176 0.01803603] [0.77984464 0.03108452 0.04361295 0.04977797 0.02618608 0.02296623
 0.01747265 0.02905495] [0.8837486  0.01340423 0.01750103 0.0263965  0.01507499 0.012504
 0.01353393 0.01783671] [0.92809165 0.00822333 0.01009226 0.01439464 0.00995495 0.00718206
 0.00969559 0.0123655 ] [0.0159468  0.03167997 0.7759455  0.09638278 0.00485653 0.03668528
 0.00239774 0.03610539] [0.9661354  0.00332391 0.00368624 0.00448528 0.00450054 0.00362331
 0.00599182 0.00825353] [0.9727806  0.00250848 0.00246842 0.00290336 0.00329632 0.00327724
 0.00517721 0.0075884 ] [0.98291576 0.0013094  0.00123025 0.00150395 0.00219728 0.00218011
 0.0033951  0.00526813] [0.973113   0.0023288  0.00258247 0.00291433 0.00362003 0.00323857
 0.00512679 0.00707603] [0.9506727  0.00509256 0.0052833  0.00967396 0.00586694 0.00621026
 0.00664131 0.01055896] [0.97672457 0.00229683 0.00196108 0.00274322 0.00276039 0.00279282
 0.00413963 0.00658144] [0.8310547  0.02017212 0.02851868 0.03842163 0.02372742 0.01675415
 0.01945496 0.02189636] [0.9501591  0.00463849 0.00578286 0.00933039 0.00679372 0.00637793
 0.0067632  0.01015434] [0.02931079 0.0533728  0.49362975 0.26097438 0.01100108 0.10320573
 0.00508094 0.04342452] [0.9205787  0.01037025 0.01213296 0.01375069 0.00947744 0.00774525
 0.01037788 0.01556682] [0.916455   0.00945994 0.01294639 0.01501385 0.01087894 0.00849869
 0.01194699 0.01480023] [0.00383692 0.0172547  0.88754123 0.04280873 0.00172013 0.02241127
