dataset_id,fold,checkpoint,sparsity,features,features_added,accuracy,roc_auc_score,prediction_probas,ground_truth
46980,0,wide-v2-5k,0.5,17,0,0.8970588235294118,0.7581604580305349,"[0.9134557  0.00729276 0.0191473  0.02323612 0.01016866 0.00793354
 0.00848279 0.01028309] [0.02520896 0.03756929 0.7646922  0.07715286 0.00631369 0.03183166
 0.01337509 0.04385627] [0.72746134 0.02705094 0.09062753 0.05068428 0.01734739 0.02583037
 0.02648643 0.03451169] [0.96446955 0.00298154 0.00496732 0.00757688 0.00560827 0.00279078
 0.00476894 0.00683675] [0.98196733 0.00157743 0.00230988 0.00311862 0.00249108 0.00117687
 0.00351346 0.00384535] [9.8581541e-01 1.1958779e-03 2.3860340e-03 2.2124695e-03 2.0465343e-03
 6.9997960e-04 2.5767642e-03 3.0669405e-03] [0.80367416 0.02172752 0.04266162 0.0375349  0.02410778 0.02165123
 0.01911839 0.0295244 ] [9.8330140e-01 1.0966172e-03 2.6719316e-03 2.9980561e-03 2.7348681e-03
 7.4903725e-04 2.6509529e-03 3.7971563e-03] [0.95353323 0.00421489 0.00753339 0.00978769 0.00868152 0.00469168
 0.00644248 0.00511508] [0.9359923  0.00661057 0.01227513 0.01474694 0.0054624  0.00543569
 0.00975755 0.0097194 ] [0.90095454 0.01038448 0.01748804 0.02334791 0.01404689 0.01075072
 0.01058286 0.01244459] [0.9708587  0.00263829 0.00447536 0.00592136 0.00334793 0.00202593
 0.00549404 0.00523842] [0.01950244 0.03023031 0.8228261  0.05280004 0.00592474 0.02484349
 0.01011746 0.0337554 ] [0.8950264  0.01090249 0.02302569 0.02345294 0.00847632 0.01017006
 0.01347361 0.01547253] [0.8030695  0.02259396 0.03077111 0.0430826  0.0378956  0.02567565
 0.01283782 0.02407378] [0.86039096 0.01518319 0.02528497 0.03219752 0.01825035 0.01747211
 0.01236019 0.01886073] [0.89113367 0.01042962 0.02710023 0.02049302 0.01025414 0.00936148
 0.0129016  0.01832622] [0.02262999 0.06897341 0.6045245  0.17505817 0.00872849 0.05105864
 0.01534353 0.05368329] [0.7167422  0.0275095  0.09252224 0.05901649 0.01528814 0.02653301
 0.02534292 0.03704551] [0.97332275 0.0022053  0.00466623 0.00449454 0.00415878 0.00172074
 0.00500961 0.00442204] [0.9490667  0.00515283 0.00870374 0.01141937 0.00643818 0.00426033
 0.00784176 0.00711708] [0.8550718  0.01753422 0.01979276 0.02934579 0.02884219 0.0173511
 0.01226938 0.01979276] [9.7809732e-01 1.8264169e-03 4.6962281e-03 4.1697621e-03 3.8550273e-03
 7.3819672e-04 3.0824959e-03 3.5345699e-03] [0.9181789  0.0081348  0.01166038 0.0204362  0.01267533 0.00982891
 0.00771508 0.0113704 ] [0.9563405  0.00338864 0.00636538 0.01115181 0.00647217 0.00412663
 0.00503815 0.00711672] [0.9732485  0.00222611 0.00425003 0.00535259 0.00318371 0.00183507
 0.00496345 0.00494056] [0.9745982  0.00241086 0.00467295 0.00437922 0.00321194 0.00128554
 0.00420756 0.0052337 ] [0.95998293 0.00356492 0.00578321 0.01069666 0.00452052 0.00344284
 0.00614943 0.00585951] [0.9484448  0.00458625 0.01104209 0.00995849 0.0058301  0.004033
 0.00840939 0.00769589] [0.9679193  0.0031724  0.00493696 0.00725665 0.00413957 0.00251045
 0.0056466  0.00441809] [0.9160331  0.00830094 0.01948585 0.01776157 0.00989551 0.00708403
 0.01125357 0.01018544] [9.8760462e-01 1.1337026e-03 1.4988901e-03 1.8049612e-03 1.7763565e-03
 8.0570113e-04 2.7327093e-03 2.6430811e-03] [0.92325884 0.00823902 0.01480736 0.01806482 0.00825428 0.00727399
 0.01001652 0.01008517] [0.92950666 0.00712447 0.01561433 0.01328019 0.0089094  0.00571712
 0.01031294 0.00953489] [0.978792   0.00157799 0.00296529 0.00397405 0.0035736  0.00122235
 0.00369946 0.00419526] [0.73275363 0.03450801 0.04976354 0.04149504 0.07408085 0.0350267
 0.01116705 0.02120519] [0.8431009  0.01865794 0.02231935 0.03392908 0.03722434 0.01987841
 0.00960358 0.01528639] [0.8958799  0.01006187 0.02395319 0.02128325 0.0143414  0.00974147
 0.01247244 0.01226648] [0.8619216  0.01585582 0.02402027 0.03013979 0.0262178  0.01549719
 0.01128525 0.01506226] [0.958317   0.00331054 0.00671261 0.01019859 0.00543111 0.00423352
 0.00582014 0.00597651] [0.9174315  0.00803332 0.01467054 0.01878257 0.01164946 0.00807147
 0.00958201 0.01177916] [0.8527212  0.01533836 0.03842984 0.02763957 0.01426238 0.01281249
 0.01602515 0.02277098] [0.0040215  0.06129157 0.64417195 0.16006623 0.00371435 0.04841058
 0.01349147 0.06483232] [0.7783916  0.02484358 0.05640165 0.05225088 0.0200824  0.02192889
 0.01878529 0.02731573] [0.8071289  0.01908875 0.05023193 0.03869629 0.02253723 0.02078247
 0.0178833  0.02365112] [9.8867148e-01 8.1578747e-04 1.5848496e-03 2.4449783e-03 2.0921540e-03
 3.6569784e-04 1.8280124e-03 2.1970477e-03] [9.8550946e-01 1.1188393e-03 2.0812508e-03 2.0564513e-03 2.2720161e-03
 9.6622691e-04 2.6878850e-03 3.3078725e-03] [0.95597446 0.00424159 0.00645393 0.00945966 0.00564146 0.0042721
 0.00643485 0.00752195] [0.96646345 0.00307705 0.00473861 0.00702017 0.00401752 0.00258106
 0.00616554 0.00593662] [0.8492053  0.01751883 0.02282941 0.04153854 0.02008256 0.01844971
 0.01267368 0.01770195] [0.97416383 0.00198945 0.00402087 0.00517296 0.00467321 0.00159652
 0.00353447 0.00484869] [0.9423181  0.00526392 0.00865114 0.01463217 0.01005485 0.00622134
 0.00553093 0.00732753] [0.95214844 0.00428391 0.00712204 0.01283264 0.0059433  0.00439072
 0.00714493 0.00613403] [0.95298684 0.00389424 0.00582801 0.0125943  0.00660991 0.00543134
 0.00564493 0.0070104 ] [0.9795585  0.00174248 0.00305196 0.00326751 0.00282879 0.00141344
 0.0040057  0.0041316 ] [0.9773918  0.00158858 0.00265463 0.00481724 0.00367872 0.00203674
 0.00403534 0.00379696] [0.87631774 0.01157185 0.03270935 0.02866645 0.01026744 0.01089295
 0.01417304 0.01540116] [0.96106035 0.00294723 0.00912592 0.00715347 0.00582197 0.00243409
 0.00633702 0.00511998] [0.7324107  0.04052673 0.04592825 0.04608084 0.05126875 0.03665105
 0.01696751 0.03016617] [0.8971369  0.01066022 0.01671143 0.02263293 0.01935169 0.01098071
 0.009218   0.0133081 ] [0.9482422  0.004776   0.00857544 0.01235199 0.00712585 0.00489807
 0.0075798  0.00645065] [9.8631895e-01 1.2369041e-03 2.1781719e-03 2.0580101e-03 1.8777673e-03
 3.6978378e-04 2.3612757e-03 3.5991333e-03] [0.91466594 0.0082713  0.02145656 0.01736669 0.00973633 0.00654303
 0.01152947 0.0104307 ] [9.8562694e-01 1.2185326e-03 2.0842818e-03 2.5800853e-03 2.4427860e-03
 5.4204674e-04 2.8222664e-03 2.6830600e-03] [0.9808027  0.00157522 0.0029502  0.00312184 0.00272708 0.00134733
 0.00362149 0.00385415] [0.0353777  0.06477263 0.628557   0.11355051 0.01517822 0.0799127
 0.01567424 0.04697695] [0.95891124 0.00356075 0.00629377 0.00897148 0.00483285 0.00351879
 0.00673243 0.00717871] [9.8682630e-01 9.6560491e-04 1.6946963e-03 2.4547824e-03 2.0084581e-03
 6.1989453e-04 2.5844832e-03 2.8457926e-03] [0.8995788  0.01056865 0.01395672 0.02544106 0.01354466 0.01094256
 0.01114859 0.014819  ] [0.9796295  0.00154708 0.00268211 0.00409374 0.00351574 0.00167203
 0.00411282 0.00274697] [0.9519923  0.00445865 0.00933685 0.00807058 0.00732302 0.00389798
 0.00724674 0.00767391] [0.9373284  0.00563709 0.0144398  0.01225819 0.00744111 0.00505355
 0.00951974 0.00832215] [0.9783719  0.00173639 0.0042909  0.00311424 0.00287395 0.0010384
 0.00344035 0.00513383] [0.9665169  0.002606   0.00416655 0.00804312 0.00467401 0.00335957
 0.005212   0.00542185] [9.8905146e-01 9.5967302e-04 1.3882602e-03 1.8535561e-03 1.5160259e-03
 4.8651083e-04 2.5133612e-03 2.2311325e-03] [0.82421875 0.02001953 0.03344727 0.03384399 0.026474   0.01893616
 0.01739502 0.02566528] [0.9278264  0.00752714 0.01441336 0.01550447 0.00642077 0.00611938
 0.01088823 0.01130025] [0.9590063  0.00357636 0.01012444 0.00835438 0.00440608 0.00238233
 0.00594725 0.00620284] [0.98133487 0.00128636 0.00240871 0.00431394 0.00268715 0.00139125
 0.00349768 0.00308002] [0.91991484 0.00735468 0.02043136 0.0146407  0.01027672 0.00640864
 0.01036827 0.01060478] [0.9548796  0.00435166 0.01166292 0.00860417 0.00694131 0.00147789
 0.00543863 0.00664382] [0.97754186 0.00180436 0.00322915 0.00363351 0.00314713 0.00179387
 0.00425721 0.00459291] [0.944127   0.00554153 0.00632718 0.01258572 0.01498844 0.00613268
 0.0040732  0.00622421] [0.97697157 0.00183186 0.00351305 0.00428356 0.0036065  0.00129117
 0.00397078 0.00453149] [0.03335546 0.04782068 0.7216742  0.08648615 0.00995628 0.04214446
 0.0142516  0.04431118] [0.93764305 0.0063181  0.01251412 0.01211733 0.00622272 0.00482633
 0.00915667 0.01120166] [0.96927893 0.00231562 0.00574136 0.00536369 0.00488683 0.00249873
 0.00409334 0.00582147] [0.00792857 0.07777481 0.5787325  0.19962609 0.00451753 0.049876
 0.01555191 0.0659926 ] [0.965437   0.0025237  0.00555862 0.00890447 0.0051504  0.00309787
 0.00468877 0.00463918] [0.91671723 0.00807378 0.01845217 0.01938317 0.00768077 0.00716567
 0.01176726 0.01075995] [0.93048656 0.00577435 0.01707133 0.01643058 0.00810087 0.00600319
 0.00765845 0.00847464] [0.9815146  0.00129995 0.00241487 0.00421554 0.00320457 0.00106914
 0.00358798 0.00269337] [0.8726651  0.01459681 0.02141069 0.02724026 0.02124283 0.0144671
 0.01143786 0.01693932] [9.8765498e-01 9.7547256e-04 1.6629756e-03 2.4811139e-03 1.7392590e-03
 4.9155043e-04 2.6718222e-03 2.3228261e-03] [0.9502642  0.00426514 0.00779018 0.01308536 0.00723319 0.00492895
 0.00604292 0.00639008] [0.9850502  0.00109884 0.00171122 0.00248956 0.00250101 0.00125432
 0.00339382 0.00250101] [0.92821556 0.00671    0.01192465 0.01974472 0.01146689 0.0062675
 0.00659175 0.00907891] [0.7040801  0.03625378 0.060484   0.06738076 0.04189936 0.04135006
 0.01583814 0.03271385] [0.8738501  0.01359288 0.02961144 0.02823842 0.0112435  0.01192238
 0.01607957 0.01546172] [0.972219   0.0026628  0.00423835 0.0051463  0.00378819 0.00179777
 0.00547438 0.00467325] [0.9751665  0.00209632 0.00446733 0.00455507 0.0048183  0.00139056
 0.00307296 0.00443299] [0.8874237  0.01196581 0.0156746  0.02857143 0.01499542 0.01252289
 0.01082112 0.01802503] [0.9688091  0.00213636 0.00445202 0.00734756 0.00482589 0.00275438
 0.00468473 0.00498993] [0.94216716 0.00519062 0.00784122 0.01393571 0.00816158 0.00574362
 0.00779164 0.00916843] [0.9639462  0.0031779  0.00534864 0.00688609 0.0046772  0.00340871
 0.00586749 0.00668771] [0.9684261  0.00239222 0.00584511 0.00725297 0.0046738  0.00247807
 0.00397559 0.00495613] [0.8820513  0.01402625 0.01458333 0.03032662 0.01920024 0.01297314
 0.01158425 0.01525488] [0.8080623  0.02290222 0.02973779 0.05325033 0.02854767 0.02479421
 0.01267175 0.02003372] [9.8728162e-01 9.6032763e-04 1.9740597e-03 2.0770542e-03 2.1171076e-03
 5.2212446e-04 2.3269108e-03 2.7407960e-03] [0.9622812  0.00330502 0.00622862 0.00892527 0.00552299 0.00357964
 0.00533609 0.00482117] [0.8768795  0.01464721 0.0208265  0.02909607 0.01344187 0.01379279
 0.01276291 0.01855313] [0.97989637 0.00160204 0.00274635 0.00358169 0.00314304 0.0016993
 0.00398602 0.0033452 ] [0.9583206  0.00372246 0.00640752 0.00753265 0.00530527 0.00393223
 0.00694529 0.00783395] [0.9708624  0.00249713 0.00512398 0.00551314 0.00342807 0.00192292
 0.00507438 0.005578  ] [0.89598924 0.00975792 0.0216368  0.02610759 0.01339711 0.01076499
 0.00932305 0.01302328] [6.2509568e-04 9.2767822e-03 9.4427878e-01 1.1367110e-02 5.7598442e-04
 1.0863600e-02 3.2689977e-03 1.9743677e-02] [0.85274076 0.01666654 0.02884593 0.03495089 0.01678864 0.01796384
 0.01261437 0.01942903] [0.89460635 0.01141453 0.01368065 0.02746813 0.01599255 0.01227673
 0.01055997 0.01400111] [9.9575460e-01 3.1690576e-04 5.0456927e-04 5.9327431e-04 8.1742130e-04
 4.1192980e-05 9.0660324e-04 1.0654138e-03] [0.9473271  0.00527988 0.01052162 0.00953736 0.00517306 0.00384165
 0.00801901 0.01030035] [0.96012944 0.00387832 0.00743233 0.00769941 0.00399469 0.00277186
 0.00708514 0.00700883] [0.9852219  0.00140267 0.00182891 0.00229805 0.00199673 0.00100409
 0.00327258 0.00297507] [0.96044374 0.00302695 0.00551984 0.00820918 0.0064201  0.00430295
 0.00499723 0.00708004] [0.02542512 0.04065577 0.74962896 0.0882096  0.00700106 0.03192638
 0.01396398 0.04318913] [0.9091381  0.00884206 0.01449519 0.02281084 0.01269473 0.01036787
 0.00999405 0.01165718] [0.9140067  0.00848337 0.01293866 0.02384803 0.01072627 0.0096506
 0.0088877  0.01145865] [0.83676726 0.01615622 0.04290019 0.03176323 0.02450132 0.01736145
 0.01372287 0.01682749] [0.9692032  0.00322712 0.0047415  0.0057905  0.00333583 0.00220863
 0.00593545 0.00555781] [0.9018727  0.01040669 0.0111315  0.02343795 0.02626088 0.01216912
 0.00517664 0.00954455] [9.94137645e-01 4.80412011e-04 7.34327012e-04 7.31466047e-04
 1.01756747e-03 1.14798204e-04 1.19876501e-03 1.58500194e-03] [0.9745926  0.00207516 0.00312609 0.00492469 0.00433342 0.00217815
 0.00394051 0.00482932] [0.9814818  0.00142198 0.00213822 0.0036241  0.00305187 0.00122075
 0.00300991 0.00405136] [0.9733274  0.00193537 0.00375246 0.006387   0.00370095 0.0020794
 0.00451745 0.00429997] [0.8869972  0.01085406 0.0270932  0.02378283 0.01414155 0.01029725
 0.01369152 0.01314234] [9.9014139e-01 7.6191418e-04 1.2730357e-03 1.8232540e-03 1.5572038e-03
 3.2946354e-04 2.0235069e-03 2.0902578e-03] [0.9452404  0.00506172 0.01093209 0.01055828 0.00588944 0.00436749
 0.00888757 0.00906303] [0.940505   0.00537915 0.00878977 0.01446649 0.01161287 0.00649313
 0.00550123 0.00725232] [0.9405768  0.00534141 0.01088122 0.0131704  0.00648982 0.00552455
 0.00803501 0.00998081] [0.88535523 0.01327667 0.01884676 0.02540879 0.0192588  0.01192611
 0.01133095 0.0145967 ] [0.96893483 0.00272231 0.00504781 0.00584905 0.00545606 0.00239799
 0.00492571 0.00466626] [0.9270339  0.00749035 0.01504172 0.01615536 0.00718906 0.0063729
 0.01022868 0.01048802] [0.82215273 0.01908612 0.04345106 0.03515142 0.01791136 0.01934549
 0.01868945 0.02421237] [0.00195511 0.03463887 0.7930013  0.07086472 0.00142962 0.0340285
 0.0075     0.05658191] [0.935397   0.00580123 0.00778836 0.01746851 0.01318148 0.00726202
 0.00541982 0.00768157] [0.9671062  0.00303594 0.00472554 0.00621681 0.00578201 0.00325143
 0.00550359 0.00437846] [0.7376354  0.03655225 0.04625477 0.04549199 0.05443173 0.03826087
 0.01719298 0.02418002] [0.96009827 0.00303884 0.00582969 0.01011802 0.00565419 0.00402508
 0.00553592 0.00569997] [0.97518134 0.00247023 0.00331716 0.00550508 0.00317792 0.00197618
 0.00484127 0.00353081] [0.885553   0.01265446 0.01446224 0.02973303 0.02199847 0.01422578
 0.00813883 0.01323417] [0.8607151  0.01384534 0.0373481  0.0310929  0.01077877 0.01172468
 0.0179875  0.01650762] [0.86674553 0.01386335 0.03062603 0.03077862 0.01515279 0.01342082
 0.01334452 0.01606836] [0.9734954  0.00197764 0.00306277 0.00683879 0.00386756 0.00261842
 0.0040125  0.00412692] [0.13476562 0.06744385 0.52978516 0.11126709 0.02371216 0.06063843
 0.02005005 0.05233765] [0.96369535 0.0035642  0.0064228  0.00823828 0.00762041 0.00182024
 0.00400853 0.00463022] [0.9843506  0.00120351 0.0022735  0.002716   0.00230021 0.0011482
 0.00293534 0.00307266] [0.8827519  0.01409815 0.01362516 0.02532785 0.03021033 0.01351836
 0.00802557 0.01244269] [0.9230065  0.00761541 0.01513926 0.01594811 0.00754674 0.00711942
 0.01111026 0.01251431] [9.9370492e-01 4.1320125e-04 7.7204022e-04 1.1063208e-03 1.1301639e-03
 2.1434965e-04 1.2388885e-03 1.4200963e-03] [0.9828877  0.00163265 0.00217051 0.00314133 0.00221438 0.00113485
 0.00392523 0.00289338] [0.9582877  0.00358504 0.00552629 0.01128905 0.00521737 0.00403889
 0.00585429 0.00620135] [0.8451246  0.01585219 0.04217079 0.02940055 0.01478419 0.01573013
 0.01650825 0.02042934] [9.8678958e-01 9.3362178e-04 1.6545800e-03 3.0554894e-03 2.3478824e-03
 5.9936801e-04 2.3669554e-03 2.2525175e-03] [0.86851317 0.0127543  0.02974987 0.02779706 0.01992479 0.01322725
 0.01267802 0.01535551] [0.9001914  0.01077032 0.02161692 0.02262378 0.01202127 0.00879475
 0.01261623 0.01136528] [0.89196736 0.01055    0.02488367 0.0246243  0.0119765  0.01052712
 0.01258677 0.01288428] [0.72840446 0.02441034 0.1013029  0.0493394  0.0184298  0.02796509
 0.02192353 0.02822445] [0.98411477 0.00127059 0.00214817 0.00325469 0.00209857 0.0011132
 0.00327758 0.00272242] [0.95111746 0.00450871 0.00907846 0.01028384 0.00723225 0.00432943
 0.00614513 0.00730473] [0.9190645  0.00845447 0.01188814 0.01904544 0.01434512 0.00937011
 0.00788982 0.00994239] [0.921039   0.00750084 0.01259805 0.02022098 0.01140769 0.00789763
 0.0086149  0.01072094] [0.9256118  0.00727711 0.01224294 0.01751388 0.01098432 0.00884848
 0.00787209 0.00964942] [0.9775344  0.0016365  0.00293349 0.00505826 0.00317954 0.00169467
 0.00419996 0.00376318] [9.8866630e-01 8.3676184e-04 1.3960334e-03 2.3991941e-03 1.7927205e-03
 5.0158030e-04 2.3515152e-03 2.0559072e-03] [0.93692595 0.00596945 0.00868146 0.01540997 0.00997071 0.00694593
 0.00653016 0.00956639] [0.88172156 0.0122741  0.01807932 0.03098658 0.01768264 0.01312849
 0.0112519  0.01487539] [0.9142439  0.00895106 0.01333883 0.01716954 0.01993193 0.0085924
 0.00824138 0.009531  ] [0.80551654 0.02534021 0.02842192 0.03939098 0.03292244 0.02479099
 0.01569842 0.02791847] [0.97281396 0.00258678 0.00417396 0.00555128 0.0029893  0.00190766
 0.00561233 0.00436472] [0.01619118 0.04633028 0.7158913  0.11402498 0.00695107 0.03982939
 0.01521452 0.04556726] [0.925027   0.00668114 0.01472064 0.01605611 0.01295783 0.00722677
 0.00917274 0.00815778] [0.9330129  0.00638517 0.00885685 0.0168898  0.01084792 0.00846016
 0.00727009 0.00827707] [0.98312485 0.00143845 0.00192398 0.00299519 0.00256976 0.0010798
 0.00350456 0.00336339] [0.80328393 0.02282889 0.03821092 0.04639026 0.02557568 0.02447697
 0.01515313 0.02408021] [9.8653179e-01 1.0807362e-03 1.7484460e-03 2.0966090e-03 1.9573439e-03
 7.1874197e-04 2.7223486e-03 3.1439597e-03] [0.9659161  0.00249506 0.00631014 0.00666875 0.00462387 0.00254847
 0.00478029 0.00665731] [0.9736087  0.00205226 0.00295632 0.00635894 0.00454701 0.00265115
 0.00377836 0.00404729] [0.9761236  0.00195895 0.00358218 0.00414297 0.00518444 0.00132854
 0.00319306 0.00448631] [9.7996271e-01 1.6727145e-03 4.3563051e-03 3.1566047e-03 3.1623268e-03
 6.8377209e-04 3.1623268e-03 3.8432379e-03] [0.919971   0.00696982 0.02333193 0.01500019 0.01181093 0.00566513
 0.00775188 0.0094991 ] [0.84630764 0.01671067 0.03650404 0.03656508 0.01078182 0.0150396
 0.01721428 0.02087689] [0.41918945 0.08117676 0.16516113 0.0760498  0.08929443 0.09362793
 0.02661133 0.04888916] [0.8667918  0.01577927 0.02142563 0.03125334 0.01828198 0.01594714
 0.01207099 0.01844985] [0.19127542 0.0859946  0.2778193  0.27537802 0.02570988 0.06014739
 0.02349746 0.06017791] [0.9844633  0.0010911  0.00184553 0.00296619 0.00243018 0.00109587
 0.0028422  0.00326567] [0.90556824 0.00996949 0.02291381 0.02059497 0.00801678 0.00731503
 0.01374523 0.01187643] [0.94577193 0.00438677 0.00769401 0.01574659 0.00768638 0.00564176
 0.00638942 0.00668315] [0.96193427 0.00288206 0.00577557 0.00937672 0.00507365 0.00315864
 0.00576413 0.00603498] [0.844617   0.01684352 0.02920154 0.03631121 0.02065772 0.01809458
 0.01468468 0.01958974] [0.9657301  0.00305529 0.0049739  0.00865855 0.00397836 0.0026338
 0.00614109 0.00482896] [0.974826   0.00219585 0.00487627 0.00430775 0.00297231 0.00166453
 0.00436117 0.00479614] [0.9254483  0.00668447 0.01106448 0.01832888 0.0169401  0.00811904
 0.00560092 0.00781381] [0.01141336 0.0650012  0.6474486  0.14672571 0.00621402 0.06115606
 0.01190163 0.05013942] [0.8464666  0.01591091 0.03703902 0.02971664 0.01880935 0.01520156
 0.01761946 0.01923649] [0.8665207  0.01404282 0.03139612 0.03090794 0.00972547 0.0119528
 0.01771181 0.01774232] [0.97767144 0.00156519 0.00355006 0.00434553 0.00353289 0.00182272
 0.00350618 0.00400597] [0.8430752  0.0160487  0.04744434 0.03221943 0.01913029 0.01469859
 0.01188397 0.0154995 ] [0.7203138  0.02916355 0.08625452 0.05368779 0.01828254 0.03075068
 0.0254399  0.03610725] [0.97413504 0.00190642 0.00328832 0.00561531 0.00434119 0.00242427
 0.00354009 0.00474937] [0.9145752  0.00764104 0.0130695  0.02072199 0.01609845 0.00998714
 0.00749227 0.0104144 ] [0.93717974 0.00567347 0.01096541 0.01218633 0.00765747 0.0061771
 0.00901193 0.01114854] [0.96589035 0.00301574 0.00681354 0.00556223 0.00423462 0.00241297
 0.00580639 0.00626419] [0.00157964 0.012019   0.9308736  0.01558273 0.00103402 0.01035542
 0.00517389 0.02338173] [0.96756303 0.00244469 0.00430967 0.00784894 0.00633102 0.00310258
 0.00451562 0.00388442] [0.9829786  0.00127897 0.00228516 0.00273914 0.00356318 0.00132188
 0.00278302 0.00305006] [0.9693807  0.00264016 0.00403654 0.00601666 0.00444478 0.00331737
 0.00488734 0.0052765 ] [0.95192873 0.00390535 0.01149484 0.00819971 0.00600676 0.0029538
 0.00665511 0.00885568] [0.84430915 0.01837312 0.02655252 0.03570856 0.0206774  0.01971601
 0.01427579 0.02038745] [0.9203926  0.00777802 0.0104063  0.01995812 0.011894   0.0085295
 0.00892622 0.01211525] [0.9276211  0.00787257 0.01017637 0.01841511 0.0112825  0.00711736
 0.00823111 0.00928384] [0.8301415  0.0179457  0.04596298 0.03464009 0.01471059 0.01544307
 0.0183272  0.02282889] [0.23121175 0.06811836 0.3752613  0.16175057 0.02766545 0.05835228
 0.02255352 0.05508675] [0.91572297 0.00850859 0.0125683  0.01959647 0.01654406 0.01015689
 0.00677635 0.01012637] [0.93551475 0.00589732 0.00810214 0.01594489 0.01087914 0.00861329
 0.00720572 0.00784275] [0.83975405 0.02023099 0.02273317 0.0257846  0.04302519 0.0214058
 0.01225913 0.01480707] [0.9598364  0.00310858 0.00561832 0.01128241 0.00650322 0.0037875
 0.00465714 0.00520639] [0.981421   0.00151917 0.00250429 0.00347701 0.00252527 0.00139138
 0.00384893 0.00331298] [0.94301856 0.00535286 0.00743601 0.01365112 0.00911855 0.00656994
 0.00699343 0.00785951] [0.88913983 0.00970437 0.03234789 0.02233836 0.01045203 0.01000954
 0.0122449  0.01376311] [0.00196882 0.0137665  0.9245227  0.0194593  0.00119617 0.01146954
 0.00435736 0.02325959] [0.9185341  0.00897292 0.0094765  0.01918191 0.02021959 0.00908737
 0.00648553 0.00804206] [0.88686085 0.01270498 0.01576485 0.02998832 0.01418532 0.01389535
 0.01100335 0.01559698] [0.9813508  0.00135123 0.00235726 0.00431019 0.00343671 0.00144945
 0.00296183 0.00278255] [0.97261727 0.00227347 0.00361237 0.0050085  0.00423796 0.002283
 0.0043524  0.00561501] [0.92953855 0.00670516 0.01369257 0.01523346 0.00767394 0.0070408
 0.00903938 0.01107611] [0.77554446 0.02542619 0.05420997 0.0514018  0.01724585 0.02245013
 0.02267906 0.03104253] [0.9339894  0.00645383 0.01225922 0.01514285 0.0064462  0.00635466
 0.00920014 0.01015372] [9.8466563e-01 1.2833880e-03 2.9386343e-03 2.3608236e-03 2.3112425e-03
 6.3168240e-04 2.8871463e-03 2.9214716e-03] [0.96084404 0.00394783 0.00519511 0.00901707 0.00619065 0.0032746
 0.00629745 0.00523326] [0.97822976 0.00170934 0.00309054 0.00374872 0.00315732 0.00178469
 0.00395666 0.00432295] [0.96087337 0.00366759 0.00690414 0.00719404 0.0055195  0.00284557
 0.00630527 0.00669053] [0.9277556  0.00743883 0.00987266 0.01704446 0.01180294 0.00871297
 0.00788897 0.00948355] [0.94866896 0.00469559 0.00695756 0.01261057 0.00675158 0.00582467
 0.00678972 0.00770137] [0.9771626  0.00176927 0.00272401 0.00561969 0.00365108 0.00178262
 0.00432255 0.00296817] [0.7383038  0.0336314  0.04132206 0.06341746 0.04214606 0.03567614
 0.01449629 0.03100681] [0.80045176 0.02371686 0.03501061 0.05253117 0.02504464 0.02516674
 0.01443768 0.02364055] [0.9747302  0.00201823 0.00414327 0.0048796  0.0037217  0.00129334
 0.004376   0.00483764] [0.8948488  0.0120674  0.01853589 0.02262447 0.01586611 0.01009176
 0.01104526 0.01492025] [0.9575159  0.00338744 0.00611494 0.01112361 0.0062103  0.0038452
 0.00620267 0.00559995] [0.92917794 0.00702651 0.01427427 0.01577723 0.0082777  0.00588213
 0.00948312 0.01010109] [0.8660788  0.01398255 0.0243188  0.03319806 0.01543191 0.01508864
 0.01292222 0.01897904] [0.9599353  0.00370016 0.00691968 0.00913977 0.00472247 0.00330344
 0.00616057 0.00611861] [0.9262554  0.00680913 0.0098494  0.01614355 0.01652502 0.00818622
 0.00625982 0.00997147] [0.9247341  0.00801025 0.01576113 0.01626463 0.00677439 0.00641583
 0.01058879 0.01145085] [8.9243491e-04 9.1226678e-03 9.4704884e-01 1.0800751e-02 6.4262940e-04
 9.2065716e-03 3.0491527e-03 1.9236930e-02] [0.97541386 0.00208436 0.00580495 0.00424501 0.00317136 0.00122526
 0.00401617 0.00403905] [9.8695004e-01 1.1245343e-03 1.8074577e-03 2.1460578e-03 1.6949088e-03
 7.6399656e-04 2.8385192e-03 2.6744651e-03] [0.9707457  0.00275815 0.00494406 0.00573756 0.00377481 0.00207529
 0.00562311 0.00434132] [0.01361852 0.02020271 0.88623387 0.02507029 0.00485613 0.01589972
 0.00895694 0.02516184] [0.9369974  0.00634374 0.00833117 0.01534248 0.00861346 0.00754154
 0.00746906 0.00936112] [0.87291366 0.01366979 0.02203033 0.02981113 0.02492906 0.015943
 0.00789522 0.0128078 ] [0.8526627  0.0173365  0.01936621 0.03668745 0.02518065 0.01739754
 0.01207908 0.01928991] [0.92689216 0.00706584 0.00933973 0.01877103 0.01297948 0.00911845
 0.00711926 0.00871403] [0.92774856 0.00630579 0.01237507 0.01951629 0.00942245 0.00709163
 0.00797284 0.00956741] [0.8937115  0.00956894 0.02779113 0.02060298 0.01381163 0.0098818
 0.01228548 0.01234653] [0.91347665 0.00877287 0.0126253  0.02283997 0.01280076 0.00970355
 0.00906275 0.01071815] [0.8793409  0.01262588 0.03109551 0.02149832 0.01548673 0.01087885
 0.01447971 0.01459414] [0.7703667  0.02668274 0.02984073 0.0435101  0.06334289 0.03246476
 0.01064868 0.02314335] [0.78060687 0.02671284 0.04058033 0.04665212 0.03023692 0.02559917
 0.02064105 0.02897069] [0.8535221  0.01452648 0.03179956 0.0347903  0.01876845 0.01631177
 0.01261149 0.01766981] [9.8928046e-01 7.5103570e-04 1.4639236e-03 1.9026238e-03 1.7872265e-03
 3.9339965e-04 2.0256506e-03 2.3956848e-03] [0.97250414 0.00202147 0.0043557  0.00550756 0.00457692 0.00255545
 0.00442817 0.00405058] [0.938473   0.00551985 0.00785825 0.016159   0.0089645  0.00706861
 0.00722882 0.00872799] [0.95422167 0.00419288 0.00660789 0.01017889 0.00795846 0.00411276
 0.00538322 0.00734422] [0.6512976  0.04333033 0.08348718 0.08922387 0.03753261 0.04067559
 0.02250431 0.03194849] [9.7754043e-01 2.0370514e-03 4.8408578e-03 4.0512141e-03 3.0517622e-03
 8.7595114e-04 3.5400442e-03 4.0626582e-03] [0.92027324 0.00749858 0.01667538 0.01745346 0.00864282 0.00762445
 0.01100758 0.0108245 ] [0.9402934  0.00619417 0.00907766 0.01415048 0.00709431 0.0057441
 0.00809361 0.00935228] [0.19192089 0.086926   0.2959391  0.26224303 0.02974346 0.04862118
 0.02844629 0.05616006] [0.38158014 0.05450273 0.28075317 0.13146572 0.03417864 0.03719979
 0.0300589  0.05026092] [9.8521250e-01 1.1690398e-03 2.3171015e-03 2.2103051e-03 2.0768095e-03
 7.0371234e-04 2.6050706e-03 3.7054555e-03] [0.91367877 0.00918684 0.01587096 0.018099   0.01280359 0.00777524
 0.01065948 0.01192611] [0.94127697 0.00576703 0.00867343 0.01431078 0.00775421 0.00691128
 0.00706004 0.00824624] [0.9582454  0.00306778 0.00613174 0.00838678 0.00659725 0.00450246
 0.00556321 0.00750537] [0.91667175 0.00869147 0.01343782 0.01889384 0.0124153  0.00888224
 0.00878304 0.01222453] [0.9087053  0.00869001 0.02217136 0.01959259 0.01078813 0.00856794
 0.01174182 0.00974289] [0.94589096 0.0051427  0.00937742 0.01182669 0.00628722 0.00433009
 0.00856863 0.00857626] [0.8280492  0.01655427 0.04986116 0.03493943 0.0137164  0.01595923
 0.01792744 0.02299289] [0.93174016 0.00765692 0.00854583 0.01582505 0.01321552 0.00635978
 0.00841612 0.00824063] [0.57114965 0.05623017 0.08774713 0.05650476 0.10007323 0.06614596
 0.02224188 0.03990725] [0.8583919  0.0165404  0.02391034 0.03189063 0.02162154 0.01777635
 0.0118331  0.01803575] [0.9477467  0.00475308 0.00968163 0.01053611 0.00743097 0.00441357
 0.00724405 0.00819391] [0.53078604 0.06235027 0.09021409 0.04654144 0.14527032 0.0704378
 0.01826561 0.03613447] [0.92766714 0.00693843 0.01433459 0.01521954 0.00778523 0.00683926
 0.01042863 0.01078718] [9.8639584e-01 1.3447731e-03 1.6223114e-03 2.1497295e-03 1.7997071e-03
 7.7825168e-04 3.1702311e-03 2.7391408e-03] [0.9374857  0.00548927 0.01374033 0.01210766 0.00833117 0.00546638
 0.00820147 0.00917802] [0.9144252  0.00916927 0.01485239 0.01766725 0.012541   0.00924556
 0.01107636 0.01102296] [0.93302006 0.00652254 0.01293827 0.01446401 0.00744179 0.0069383
 0.00862043 0.01005462] [0.9440313  0.00541411 0.00814978 0.01326247 0.00803532 0.0056583
 0.00735235 0.00809636] [0.9618865  0.00329008 0.00727823 0.00894902 0.00645428 0.00317755
 0.00365056 0.00531372] [0.01861111 0.04033424 0.7537194  0.09214024 0.00594564 0.03151684
 0.01361509 0.04411748] [0.3181492  0.0678173  0.26638588 0.19057211 0.0300325  0.04666636
 0.02919318 0.05118345] [0.8895602  0.01011557 0.02355723 0.02650189 0.01186253 0.01123698
 0.0118015  0.01536408] [0.954517   0.00405471 0.00846035 0.007995   0.00738088 0.00408141
 0.00634336 0.00716727] [0.04980963 0.09021891 0.36575893 0.33206418 0.01389451 0.06140746
 0.0200673  0.06677908] [0.90387756 0.00965955 0.0207688  0.02073828 0.00878973 0.00953747
 0.01223085 0.01439777] [0.00527937 0.02018672 0.87936604 0.02967738 0.00217621 0.01896606
 0.00705696 0.03729127] [0.9565101  0.00432953 0.00656487 0.01013912 0.00558834 0.00355136
 0.00703787 0.00627878] [0.98040706 0.00145998 0.0026644  0.00435992 0.00268919 0.00140658
 0.00386786 0.00314502] [0.934499   0.00584748 0.01103126 0.01696648 0.00944447 0.00605346
 0.00658367 0.00957416] [0.9255906  0.00792531 0.01369957 0.01652187 0.00873386 0.00803973
 0.00910762 0.01038147] [9.3211530e-04 1.4738387e-02 9.1298670e-01 2.1466782e-02 8.1291900e-04
 1.7408386e-02 4.4665248e-03 2.7188206e-02] [9.8722982e-01 1.1672089e-03 1.6459171e-03 2.0693163e-03 1.6754788e-03
 6.2603975e-04 2.9657022e-03 2.6204984e-03] [0.9718743  0.00195542 0.00550953 0.00566978 0.0038498  0.00195542
 0.0037754  0.00541032] [0.00907263 0.03561904 0.80675447 0.06592727 0.00427688 0.03105602
 0.00926339 0.03803027] [0.00767373 0.07253218 0.57928056 0.20538573 0.00557118 0.0493927
 0.0167288  0.06343513] [0.9689385  0.00288638 0.0044984  0.00608563 0.00403292 0.00215
 0.00563922 0.00576894] [0.84142417 0.01941185 0.02382224 0.03235308 0.02533307 0.01967128
 0.01387214 0.0241122 ] [0.01212903 0.02515819 0.86560047 0.03762287 0.00529024 0.02155763
 0.00641542 0.02622616] [0.9125072  0.00859747 0.01789678 0.01902582 0.01234314 0.00869665
 0.00982569 0.0111073 ] [9.8484778e-01 1.2035180e-03 1.7995551e-03 2.5786948e-03 2.4985874e-03
 7.4147014e-04 3.0860414e-03 3.2443490e-03] [0.96577793 0.00291621 0.00477579 0.00740782 0.00604222 0.00360855
 0.00478342 0.00468806] [0.00737983 0.05400437 0.6790516  0.14193691 0.00441646 0.04134233
 0.01453847 0.05733006] [0.6221273  0.05606592 0.06458111 0.08698306 0.05145735 0.0543873
 0.02093698 0.04346101] [0.91903645 0.00853051 0.01378005 0.01977735 0.00907988 0.00856103
 0.00995735 0.01127736] [0.94016016 0.00538761 0.00681082 0.01767379 0.01079047 0.00710462
 0.00483053 0.00724198] [0.97644794 0.00151998 0.00291981 0.00607229 0.00383332 0.00194431
 0.00367503 0.0035873 ] [0.95810103 0.0038475  0.00714562 0.0082787  0.00579127 0.00360142
 0.00614989 0.00708458] [0.97935677 0.00153997 0.00342894 0.00338317 0.00279388 0.00133496
 0.00373789 0.00442444] [0.8457354  0.01523648 0.03640886 0.03851465 0.01360373 0.01629701
 0.01514493 0.01905895] [0.9434853  0.00495977 0.00941593 0.0126207  0.00978982 0.00560454
 0.00726797 0.00685593] [0.9072612  0.00943792 0.014649   0.02128682 0.01461848 0.01055949
 0.00919377 0.01299335] [0.9719529  0.00218915 0.00360218 0.00619751 0.00439737 0.00259914
 0.00433635 0.00472536] [0.8992837  0.01010748 0.01794174 0.02323577 0.01409708 0.01197641
 0.01055755 0.01280027] [0.9119215  0.00792531 0.01890175 0.0182305  0.01209773 0.00897032
 0.00985515 0.01209773] [0.8862846  0.01218489 0.02011231 0.02690289 0.01779283 0.01340566
 0.01007905 0.01323781] [0.87611026 0.01323902 0.02734792 0.02527241 0.01346031 0.00999603
 0.01429204 0.02028203] [0.90011525 0.00993582 0.02507612 0.01816225 0.01070657 0.00877588
 0.01173679 0.01549133] [0.92210364 0.0070971  0.01552967 0.01668199 0.01082116 0.00743669
 0.00940175 0.010928  ] [0.95563567 0.00396757 0.0065236  0.01084979 0.00754983 0.00398283
 0.00482213 0.00666857] [0.9615523  0.00357866 0.00772578 0.00760369 0.00725651 0.00269544
 0.00491016 0.00467743]",0 2 4 0 0 0 0 0 0 0 0 0 2 0 0 0 0 2 0 0 0 2 0 0 0 0 0 0 0 0 0 0 1 0 0 2 0 0 0 0 0 0 3 0 0 0 0 0 0 0 0 0 0 0 0 0 1 0 0 0 0 0 0 0 0 3 0 0 0 0 0 0 0 0 0 0 0 0 0 0 0 0 0 0 2 0 0 3 0 2 0 0 4 0 0 0 5 0 0 0 7 0 0 0 0 0 0 3 0 0 0 0 0 0 0 2 0 0 0 0 0 0 0 2 0 0 0 0 0 0 0 0 0 0 0 0 0 0 0 0 0 0 2 0 0 0 0 0 0 0 0 0 7 0 0 0 0 0 0 3 4 0 0 0 0 0 0 0 0 0 0 0 0 0 0 3 0 0 5 0 3 0 0 0 0 0 0 0 1 0 0 0 2 0 7 0 0 0 0 0 6 2 0 0 0 0 3 0 0 0 0 2 0 0 0 0 0 0 0 4 3 0 0 0 0 0 0 0 2 7 0 0 0 0 1 0 0 0 0 0 0 0 0 0 0 0 0 0 0 0 0 0 6 2 0 0 0 2 0 0 0 0 0 0 0 7 0 0 0 0 0 0 0 0 0 0 0 3 0 0 0 0 0 0 0 0 4 0 0 0 0 0 0 0 0 0 0 0 0 2 0 0 0 1 0 2 0 0 0 0 2 0 0 2 3 0 0 2 0 7 0 2 5 0 0 0 0 0 0 0 0 0 0 0 0 0 0 0 0 0
46980,1,wide-v2-5k,0.5,17,0,0.8911764705882353,0.7843959742846804,"[0.96610403 0.00265065 0.00611367 0.0048322  0.00401603 0.00305683
 0.00546912 0.00775745] [0.9615872  0.00271652 0.00630675 0.00687905 0.00494849 0.00391454
 0.00485692 0.00879054] [0.734431   0.02816987 0.08289207 0.04422335 0.04092719 0.03351086
 0.01075827 0.02508736] [0.97721386 0.00167493 0.00374094 0.00356352 0.0032354  0.0017045
 0.00393742 0.00492941] [0.9051008  0.00830683 0.01335652 0.02767416 0.01091558 0.011358
 0.00911539 0.01417271] [0.97827864 0.00123376 0.00196409 0.00320548 0.00277452 0.00268299
 0.00337328 0.00648723] [0.8252268  0.0217446  0.03787376 0.03576797 0.02191246 0.01512967
 0.02006607 0.02227868] [0.8651156  0.01627889 0.02668396 0.03176444 0.01946754 0.00821573
 0.0148829  0.01759097] [0.9250199  0.00623467 0.01278221 0.01898635 0.00892847 0.00752815
 0.00798983 0.01253038] [0.08539014 0.06970374 0.44312537 0.2392633  0.02040147 0.0524304
 0.01314575 0.07653984] [0.9182364  0.00738729 0.01732982 0.01824513 0.01183798 0.00678853
 0.00881746 0.01135744] [0.01178584 0.03313766 0.766011   0.09868068 0.00506143 0.04168145
 0.00299795 0.04064399] [0.80618924 0.02439992 0.04431355 0.04232982 0.02414051 0.01490852
 0.01847924 0.02523919] [2.8815104e-03 5.9270249e-03 9.6370220e-01 7.0597962e-03 8.9582364e-04
 5.5913893e-03 4.7866258e-04 1.3463576e-02] [0.9844041  0.00100711 0.00176149 0.0012484  0.00193792 0.00152116
 0.0025235  0.00559633] [0.2575212  0.05812534 0.366388   0.17013486 0.03225118 0.05199243
 0.0122048  0.05138219] [0.8992014  0.00958788 0.01952663 0.02593381 0.01419495 0.00841323
 0.01046505 0.01267706] [0.8644755  0.01643785 0.02965529 0.02825113 0.01871199 0.00911179
 0.01427819 0.01907829] [0.8750067  0.01562512 0.02449054 0.02549763 0.01291666 0.01031502
 0.01647962 0.01966873] [0.9676627  0.00227902 0.00443217 0.00587778 0.0043864  0.00301899
 0.00457711 0.00776583] [9.9229205e-01 3.5504269e-04 5.6415779e-04 4.9691671e-04 9.8429562e-04
 4.6043479e-04 1.3371923e-03 3.5098915e-03] [0.9314239  0.00700597 0.01089224 0.01401194 0.00751702 0.00751702
 0.00908449 0.01254743] [0.9369438  0.00600008 0.01232058 0.01107708 0.00970389 0.00392122
 0.00871214 0.0113212 ] [0.7139543  0.04117324 0.05948602 0.06101209 0.03821267 0.01938103
 0.03213893 0.03464168] [0.93517274 0.00624161 0.01463496 0.01154468 0.0093853  0.00657734
 0.00745483 0.00898852] [0.9783859  0.00157145 0.00297698 0.00263179 0.00270426 0.00180888
 0.00391336 0.00600735] [0.96633625 0.00233085 0.00468458 0.00781272 0.00474562 0.00258072
 0.00428784 0.00722143] [0.958882   0.00305143 0.00706025 0.00639275 0.00545062 0.00408129
 0.00634698 0.00873472] [0.9002395  0.01040475 0.01583597 0.01727005 0.02117565 0.01299068
 0.00845958 0.01362381] [0.8832199  0.01245003 0.03304751 0.01753074 0.01544811 0.01218303
 0.01082512 0.01529554] [0.748161   0.03436804 0.06189909 0.05228459 0.02925556 0.01677197
 0.02515032 0.03210939] [0.6455768  0.06006501 0.07892688 0.07727876 0.03540417 0.02293641
 0.03592303 0.04388896] [0.97388613 0.00195075 0.00376038 0.00349723 0.00350486 0.00170762
 0.0044011  0.00729194] [0.9429826  0.00514664 0.00901901 0.01294861 0.00741283 0.00442939
 0.00791262 0.0101483 ] [0.9701852  0.00246613 0.0045508  0.00340451 0.0038203  0.00277892
 0.00475297 0.00804114] [0.95762914 0.0041089  0.0078897  0.00587149 0.00510465 0.0026477
 0.00747003 0.00927841] [0.94411623 0.00432105 0.01338647 0.0076772  0.00994642 0.00753609
 0.00503042 0.00798612] [0.93302715 0.00631661 0.01486844 0.01202292 0.01070314 0.00673238
 0.00731979 0.00900956] [0.9546827  0.00471542 0.00896541 0.0075195  0.00606214 0.00229476
 0.00648943 0.00927062] [0.9775437  0.00151921 0.00317957 0.00395967 0.00311662 0.00206948
 0.00342752 0.0051842 ] [0.9738427  0.00195545 0.00460152 0.00467783 0.00385749 0.00204893
 0.00409024 0.00492584] [0.9566853  0.00398695 0.00791286 0.00769539 0.00513535 0.00301024
 0.00682932 0.00874459] [0.16822958 0.07459236 0.2571056  0.30886853 0.02575939 0.100718
 0.01094927 0.05377731] [0.9041382  0.00887143 0.01792593 0.02373851 0.01322705 0.00900873
 0.00977154 0.01331859] [0.9451142  0.00506486 0.01030515 0.0109764  0.00691078 0.00490086
 0.00731505 0.0094127 ] [0.9717094  0.00220115 0.00433363 0.00434889 0.00368702 0.00227172
 0.00468078 0.00676748] [0.7040049  0.04247463 0.06261347 0.07481883 0.03338164 0.01957434
 0.02669922 0.03643299] [0.9708828  0.0024018  0.00492569 0.00453651 0.00377534 0.00249718
 0.0047311  0.00624963] [0.9520322  0.00387526 0.00738054 0.0089253  0.00664821 0.00407741
 0.00664821 0.01041285] [0.84094864 0.0186033  0.02460092 0.04080823 0.02067881 0.01623783
 0.01675671 0.02136556] [0.8352835  0.02029016 0.03286091 0.03798685 0.01824589 0.01481335
 0.01952738 0.02099193] [0.85839844 0.01538849 0.01931763 0.04290771 0.01690674 0.01576233
 0.01293182 0.01838684] [0.9516275  0.00412355 0.01097069 0.00782749 0.00657631 0.00466903
 0.00605753 0.00814791] [0.00314534 0.02281276 0.8208321  0.08014221 0.0016194  0.04141393
 0.00096516 0.0290691 ] [0.91340697 0.00797889 0.01483646 0.02338744 0.01156404 0.00649905
 0.00919937 0.01312778] [0.9784792  0.00133414 0.00253096 0.00354944 0.00318706 0.00199883
 0.00324428 0.00567606] [3.6839355e-04 2.2432664e-03 9.8398513e-01 3.1932211e-03 1.6857880e-04
 2.5026917e-03 1.5653746e-04 7.3821777e-03] [0.9619581  0.00324073 0.00662262 0.00616102 0.00459311 0.00309195
 0.00571086 0.00862161] [0.9066414  0.00894832 0.01711853 0.01899516 0.01479944 0.01158018
 0.0097417  0.01217521] [0.8701305  0.01414511 0.02246128 0.03305104 0.01899748 0.011841
 0.01386282 0.0155108 ] [0.9044763  0.00892053 0.01868046 0.0229843  0.01397982 0.00711201
 0.01092746 0.01291913] [0.8823377  0.01084916 0.01811246 0.03071641 0.01823453 0.01423667
 0.01025406 0.01525902] [0.9816766  0.00115899 0.00223403 0.00176662 0.00248205 0.00197076
 0.00278539 0.00592562] [0.93409985 0.00583278 0.01517516 0.01201653 0.00988025 0.0069734
 0.0069734  0.00904863] [0.93689734 0.00672068 0.012381   0.00896344 0.00775052 0.00505767
 0.00873459 0.01349475] [0.7769859  0.03351393 0.0451736  0.0485311  0.02457077 0.01671118
 0.0264174  0.02809615] [0.8589195  0.01266528 0.0212563  0.0402237  0.02270594 0.0173499
 0.01067393 0.01620545] [9.8446465e-01 8.6363073e-04 1.9342277e-03 1.3505259e-03 1.8417129e-03
 1.7854410e-03 2.3462526e-03 5.4135486e-03] [9.8766863e-01 7.2374771e-04 1.2749020e-03 1.0689343e-03 1.6925589e-03
 1.6401133e-03 1.4989873e-03 4.4321204e-03] [0.97986835 0.00149614 0.00299229 0.0028893  0.00285116 0.00149614
 0.00355489 0.00485174] [0.8846104  0.01279225 0.02367749 0.02100767 0.01862771 0.0094893
 0.01273885 0.01705633] [0.73824745 0.03283541 0.06329056 0.05727887 0.03530722 0.01982026
 0.02114771 0.03207251] [0.88917375 0.01182574 0.01747158 0.02801557 0.01265736 0.0109102
 0.01279469 0.01715114] [0.9613818  0.00303636 0.005779   0.00861319 0.005779   0.00297151
 0.00527548 0.00716367] [0.01185787 0.02924024 0.80725056 0.06873594 0.00518114 0.0370234
 0.00240553 0.03830533] [0.9809561  0.0013771  0.00272369 0.00242615 0.00262832 0.00146007
 0.00360679 0.00482177] [0.9756967  0.00175973 0.00308835 0.00235775 0.00278314 0.00241498
 0.00420427 0.00769512] [9.8864508e-01 5.8071455e-04 1.2014784e-03 9.3734387e-04 1.6486953e-03
 1.1661969e-03 2.0959124e-03 3.7245830e-03] [0.9800599  0.0013343  0.00286316 0.00243397 0.0024397  0.00197427
 0.00336674 0.00552794] [0.97845495 0.0013055  0.00217806 0.00418065 0.00303059 0.00172604
