dataset_id,fold,checkpoint,sparsity,features,features_added,accuracy,roc_auc_score,prediction_probas,ground_truth
46980,0,wide-v2-5k,0.02,17,0,0.8970588235294118,0.7485724252411464,"[0.91680336 0.00716253 0.01769655 0.02266989 0.01016026 0.00763545
 0.00808549 0.0097865 ] [0.02651472 0.03810919 0.76303804 0.07817113 0.00684989 0.03185428
 0.01317345 0.0422893 ] [0.7350203  0.02661701 0.08760417 0.04984585 0.01787186 0.0245719
 0.02541131 0.0330576 ] [0.96452653 0.00293593 0.00478829 0.00763838 0.00570398 0.00288442
 0.00487605 0.00664638] [0.98231786 0.00151427 0.00215698 0.00308767 0.00243543 0.00114524
 0.00360832 0.00373419] [9.8640853e-01 1.1645313e-03 2.2527624e-03 2.0639196e-03 1.9914343e-03
 6.4425950e-04 2.4931079e-03 2.9814290e-03] [0.809768   0.02094017 0.04218559 0.03672161 0.02303114 0.02100122
 0.01868132 0.02767094] [9.8245984e-01 1.1597128e-03 2.8363371e-03 3.1262652e-03 2.8630409e-03
 8.0636278e-04 2.8077257e-03 3.9407345e-03] [0.95023155 0.0044977  0.00775939 0.01057474 0.0092014  0.00514622
 0.00721387 0.00537511] [0.9374213  0.00646537 0.01152705 0.01457855 0.00540116 0.00538209
 0.00973429 0.00949017] [0.9003563  0.01038321 0.016723   0.02424529 0.01392311 0.01114612
 0.01072652 0.01249647] [0.9718836  0.0025106  0.00412455 0.00577285 0.00317259 0.0019707
 0.0054905  0.00507461] [0.01951957 0.03049264 0.8233929  0.05271351 0.00622673 0.02492217
 0.00976741 0.03296502] [0.89718485 0.01067605 0.02214574 0.02341252 0.00824933 0.01001977
 0.01343091 0.01488084] [0.8108743  0.02152588 0.0287266  0.04112954 0.03798685 0.02418038
 0.01287586 0.02270057] [0.86785454 0.01433859 0.02264871 0.03069175 0.01805487 0.01686444
 0.0120264  0.0175207 ] [0.907147   0.00872726 0.02270309 0.01777493 0.00919261 0.00750285
 0.01174824 0.01520405] [0.0225837  0.06787317 0.61378825 0.1721244  0.00882748 0.04828028
 0.01512955 0.05139317] [0.7219972  0.0275356  0.08988353 0.05934265 0.01527806 0.02539988
 0.02483543 0.03572764] [0.971613   0.00232108 0.00524103 0.00471846 0.00421114 0.00171459
 0.0054699  0.00471083] [0.9504237  0.00487254 0.00825699 0.01131711 0.0061584  0.00404074
 0.00805858 0.00687192] [0.8583657  0.01734858 0.0188744  0.02775468 0.02905163 0.01687558
 0.01235152 0.01937792] [9.7633207e-01 1.9793606e-03 5.1791365e-03 4.3820529e-03 4.1875490e-03
 8.2330342e-04 3.2874930e-03 3.8290522e-03] [0.9104917  0.00892489 0.01283049 0.02300639 0.01357041 0.01103025
 0.00814683 0.01199902] [0.9556083  0.0034391  0.0063136  0.01155904 0.00645094 0.00424594
 0.00510047 0.00728258] [0.9746001  0.00207899 0.00386807 0.00510402 0.00300023 0.0017433
 0.00487895 0.00472636] [0.9783775  0.00205774 0.00366159 0.00371881 0.00288541 0.00107369
 0.00374741 0.00447782] [0.9634285  0.00321977 0.00485636 0.01004843 0.00406286 0.00309579
 0.00588638 0.00540189] [0.94851696 0.0046567  0.01108302 0.00999226 0.00569406 0.00394351
 0.00849723 0.00761624] [0.9661759  0.00338317 0.00498894 0.00773133 0.00424518 0.00262415
 0.0062171  0.00463422] [0.91404855 0.00846087 0.01998871 0.01823398 0.01002487 0.00728596
 0.01161939 0.01033767] [9.8687994e-01 1.1740486e-03 1.5736639e-03 1.8941191e-03 1.8645533e-03
 8.5883902e-04 2.9718406e-03 2.7830007e-03] [0.9311168  0.00734301 0.01254988 0.01606689 0.00786561 0.00643515
 0.00968133 0.00894131] [0.92914957 0.00714836 0.01577675 0.01328207 0.00886488 0.00570648
 0.01065007 0.0094218 ] [0.9787574  0.00157014 0.00289798 0.00394156 0.00367446 0.00116854
 0.00391866 0.00407129] [0.7343918  0.03436358 0.04818836 0.04095553 0.07592947 0.03445514
 0.01108576 0.02063036] [0.8531771  0.01736755 0.01991621 0.03311738 0.03482667 0.01808484
 0.00932476 0.01418553] [0.89614654 0.01003434 0.02348722 0.02153376 0.01446013 0.00969859
 0.01265166 0.01198779] [0.8598633  0.01594543 0.02427673 0.03125    0.02645874 0.01541138
 0.0114975  0.01529694] [0.95656484 0.00349053 0.00684754 0.01098658 0.00548566 0.00445567
 0.00608458 0.00608458] [0.91413224 0.00850742 0.01535151 0.0197006  0.01184172 0.00846927
 0.01008683 0.01191039] [0.85481745 0.015233   0.037621   0.0273843  0.0143329  0.01268526
 0.01586611 0.02206   ] [0.00440903 0.06316055 0.63319206 0.16781788 0.00407721 0.04949101
 0.0137153  0.06413694] [0.8034311  0.02185626 0.04755872 0.04743662 0.01939895 0.01915475
 0.01746058 0.02370305] [0.8061646  0.01911956 0.05035477 0.03942931 0.0230869  0.0209659
 0.01753262 0.0233463 ] [9.9044102e-01 6.9251203e-04 1.3268378e-03 2.0050418e-03 1.8037744e-03
 2.5587651e-04 1.6101381e-03 1.8648223e-03] [9.8627734e-01 1.0394515e-03 1.9377664e-03 1.9225085e-03 2.1780799e-03
 8.7161345e-04 2.6739652e-03 3.0992818e-03] [0.9557268  0.00422358 0.00636398 0.00953834 0.00565815 0.00429989
 0.00677604 0.0074132 ] [0.9640216  0.00328498 0.00494082 0.00760391 0.00410146 0.00295686
 0.00666916 0.00642116] [0.8527277  0.01677312 0.0215807  0.04145204 0.01926085 0.01842143
 0.01267523 0.01710889] [0.9719409  0.00220629 0.00434774 0.0056063  0.00513338 0.00181442
 0.00387101 0.00507999] [0.9480578  0.00471786 0.00738    0.01315815 0.00929842 0.00559126
 0.00521368 0.00658289] [0.95724124 0.00371824 0.00587974 0.01172895 0.00552871 0.00377738
 0.00674586 0.0053799 ] [0.9565722  0.00353252 0.00513474 0.01186407 0.00609607 0.00498596
 0.00543229 0.00638218] [0.9784503  0.00181281 0.00314501 0.00344063 0.0029314  0.00148859
 0.00434084 0.00439042] [0.9778977  0.00151996 0.00251546 0.00471816 0.00359678 0.00190996
 0.00419943 0.00364255] [0.8862778  0.01065883 0.02899325 0.02661275 0.00989585 0.00992637
 0.01376416 0.01387098] [0.9596465  0.00306757 0.00968346 0.00723779 0.0058261  0.00256203
 0.00664641 0.0053301 ] [0.7324778  0.04049991 0.04526102 0.04532206 0.05432544 0.03622713
 0.01677069 0.02911599] [0.89644337 0.01069592 0.016967   0.02355849 0.01888952 0.01104686
 0.00926929 0.01312959] [0.95136786 0.00444885 0.00785226 0.01146171 0.00694036 0.00446793
 0.00752413 0.00593689] [9.8628604e-01 1.2130219e-03 2.1780992e-03 2.0388686e-03 1.8777046e-03
 3.6977144e-04 2.3154225e-03 3.7210784e-03] [0.92013246 0.00765022 0.01965782 0.01631538 0.00944735 0.00598663
 0.01119488 0.00961524] [9.8550570e-01 1.2237555e-03 2.0736123e-03 2.5848616e-03 2.4475111e-03
 5.4081791e-04 2.9358687e-03 2.6878747e-03] [0.97919905 0.00169502 0.00314775 0.00337096 0.00290547 0.0014556
 0.0039986  0.00422753] [0.03238557 0.06416067 0.63977534 0.10890833 0.01518551 0.0782626
 0.01501763 0.04630435] [0.9594946  0.00352105 0.00596251 0.00890371 0.00460826 0.00352868
 0.00681702 0.00716417] [9.8820704e-01 8.4298477e-04 1.4456616e-03 2.1608637e-03 1.8204276e-03
 4.8800619e-04 2.4736454e-03 2.5613769e-03] [0.90050745 0.01051467 0.01334554 0.02550074 0.01342185 0.0111251
 0.01119377 0.0143909 ] [0.9794726  0.00157067 0.00256343 0.00421897 0.00339692 0.00159833
 0.00440589 0.00277323] [0.9501699  0.00458514 0.01005527 0.00820138 0.00746898 0.00395955
 0.00762538 0.00793436] [0.9349338  0.00603405 0.01505079 0.01270887 0.00749488 0.00521781
 0.00990163 0.00865821] [0.97771436 0.00180086 0.00453649 0.00314387 0.00289587 0.00102634
 0.00351397 0.00536824] [0.96838546 0.00242837 0.00373316 0.00767997 0.00438365 0.00316088
 0.00513142 0.00509709] [9.8892891e-01 9.6575089e-04 1.3725585e-03 1.8904872e-03 1.4755720e-03
 5.0219049e-04 2.5791510e-03 2.2853720e-03] [0.8233427  0.01996093 0.0361067  0.03406177 0.02456965 0.01909108
 0.01762605 0.02524112] [0.9278264  0.007592   0.01394792 0.01560366 0.00632158 0.00618424
 0.01120106 0.01132314] [0.9575743  0.0037348  0.01059021 0.00869801 0.00452068 0.00243392
 0.00601994 0.00642813] [0.98054826 0.00134193 0.00247403 0.00466575 0.00268576 0.00144589
 0.00363761 0.00320079] [0.92385983 0.00696588 0.01918096 0.01397753 0.01014744 0.00594732
 0.01006352 0.00985752] [0.9551947  0.00439125 0.01168966 0.00840862 0.00701608 0.00154133
 0.0052344  0.00652393] [0.97740483 0.00182508 0.00316576 0.00366542 0.00311618 0.00182127
 0.0043863  0.00461515] [0.94386923 0.00551618 0.00639739 0.01278716 0.01511418 0.00611128
 0.00410471 0.00609984] [0.97492564 0.00198711 0.00385789 0.00478279 0.00384263 0.0013473
 0.00440901 0.00484762] [0.03053773 0.04816445 0.7257022  0.08619545 0.00988165 0.04178526
 0.01390298 0.04383026] [0.93695456 0.00649985 0.01235124 0.01240464 0.00614129 0.00498932
 0.00929204 0.0113671 ] [0.96926785 0.00224883 0.00590533 0.00520341 0.00490204 0.00239761
 0.00418104 0.00589389] [0.00788119 0.0783084  0.57910377 0.20153886 0.00469591 0.049164
 0.0152207  0.06408716] [0.9627731  0.00280155 0.0059235  0.00978732 0.00544672 0.00338513
 0.0049051  0.00497757] [0.9230734  0.00741755 0.01645293 0.01799444 0.0072573  0.0065972
 0.01133237 0.00987481] [0.92461425 0.00638067 0.01873393 0.01787962 0.00869572 0.00658663
 0.00810838 0.00900083] [0.9814032  0.00127405 0.00230398 0.00431424 0.00322328 0.00101562
 0.003805   0.00266064] [0.8765986  0.01401734 0.02002259 0.02656961 0.02197601 0.01418521
 0.01103379 0.01559686] [9.8875868e-01 8.7546342e-04 1.4381252e-03 2.2849785e-03 1.5983406e-03
 4.2104258e-04 2.5195798e-03 2.1037825e-03] [0.951878   0.00415897 0.00733353 0.01287374 0.00688329 0.00470078
 0.00600952 0.00616215] [0.983481   0.00121413 0.00192468 0.0028441  0.00259612 0.00137055
 0.00384363 0.00272583] [0.93088067 0.00633387 0.01131703 0.01932212 0.01098889 0.00608204
 0.00654373 0.00853165] [0.6964644  0.03797343 0.06263784 0.06801029 0.04420058 0.04218591
 0.01552973 0.03299781] [0.8734019  0.01349434 0.02962805 0.02868215 0.01144997 0.01199921
 0.01611082 0.01523358] [0.97382504 0.00248577 0.0038021  0.00489522 0.00351021 0.00169883
 0.00541031 0.00437251] [0.9788732  0.00167061 0.00372455 0.00360631 0.00405448 0.00106988
 0.00301893 0.00398201] [0.8947224  0.0112405  0.0136519  0.02715119 0.01455236 0.01204176
 0.01029425 0.01634566] [0.9678565  0.00219745 0.00456658 0.00770635 0.00485653 0.00287081
 0.00482219 0.00512358] [0.94423866 0.0049853  0.00722429 0.01351027 0.00784221 0.00560321
 0.00776211 0.00883393] [0.9648309  0.00306507 0.00500482 0.00675192 0.00456613 0.00337215
 0.00590126 0.00650779] [0.9712933  0.00221848 0.00513131 0.00655815 0.00440262 0.00221466
 0.00367966 0.00450181] [0.8847589  0.01367177 0.01367177 0.02998329 0.01921067 0.01296987
 0.01145926 0.01427449] [0.80924875 0.02272502 0.0289061  0.05408829 0.0276241  0.02490748
 0.01291923 0.01958106] [9.8710418e-01 9.8685245e-04 2.0156580e-03 2.0957505e-03 2.2063542e-03
 5.5683270e-04 2.2845396e-03 2.7498382e-03] [0.9620792  0.00338422 0.00605115 0.00901949 0.00555515 0.00351775
 0.00557804 0.00481497] [0.8838902  0.01398628 0.01936562 0.02781996 0.01277307 0.01269677
 0.01233051 0.01713758] [0.97868925 0.00169689 0.0028539  0.00385544 0.00327741 0.00176175
 0.00438386 0.00348153] [0.95936286 0.00366169 0.00609519 0.00745307 0.00506915 0.00381426
 0.00690763 0.00763615] [0.9720391  0.00239531 0.00468383 0.00532843 0.00331835 0.00187944
 0.00494701 0.00540852] [0.89550096 0.0098037  0.02146895 0.02648906 0.01332082 0.01068107
 0.00934594 0.01338948] [5.2251859e-04 8.2992734e-03 9.5051092e-01 9.7028269e-03 5.3062337e-04
 9.4434749e-03 2.8357122e-03 1.8154660e-02] [0.85837877 0.01599085 0.0267633  0.03485028 0.01657066 0.01715049
 0.01219912 0.01809651] [0.89162195 0.01188687 0.01343567 0.0287177  0.01637306 0.01300842
 0.01090265 0.01405367] [9.9637264e-01 2.7317027e-04 4.1499952e-04 4.8913213e-04 7.1176828e-04
 2.7769927e-05 7.8613928e-04 9.2439295e-04] [0.9485839  0.00514142 0.00991668 0.0094895  0.00496215 0.00372829
 0.00798674 0.0101913 ] [0.96045285 0.00381853 0.00707248 0.00772098 0.0039406  0.00281144
 0.00717166 0.00701144] [0.98390925 0.00149349 0.0019484  0.00252539 0.00213056 0.00113013
 0.00363549 0.00322731] [0.9640216  0.00272413 0.00493701 0.00751234 0.00586794 0.00384202
 0.00478058 0.00631434] [0.02689163 0.04139052 0.74332    0.0915109  0.00755087 0.03235542
 0.01418602 0.04279462] [0.9087261  0.00898777 0.0142904  0.02314847 0.01286365 0.01055185
 0.01015511 0.01127668] [0.9111467  0.00886549 0.01297017 0.02510109 0.01071183 0.0101091
 0.00920119 0.01189441] [0.8216708  0.01789624 0.04692995 0.0347245  0.02694353 0.01928461
 0.01442531 0.01812509] [0.9693067  0.00317787 0.00455507 0.00577586 0.00325226 0.00223939
 0.00610776 0.00558511] [0.9020585  0.010302   0.01104222 0.02348856 0.02652575 0.01199611
 0.00526165 0.00932522] [9.9444872e-01 4.5148298e-04 6.9796311e-04 6.6745107e-04 9.8019955e-04
 1.0250141e-04 1.1394343e-03 1.5122534e-03] [0.9741118  0.00212286 0.00311276 0.00512309 0.00437923 0.00230024
 0.00415035 0.00469966] [0.9816522  0.00137072 0.00207372 0.00363999 0.00301043 0.00122096
 0.00308293 0.00394904] [0.9735567  0.00189385 0.00355883 0.00656077 0.00360079 0.0020674
 0.00453532 0.00422635] [0.8945381  0.01003273 0.02429218 0.02229326 0.01383983 0.00964363
 0.01325236 0.01210794] [9.8958969e-01 7.8379636e-04 1.3177696e-03 1.9175359e-03 1.6495958e-03
 3.6877525e-04 2.1397069e-03 2.2331523e-03] [0.95016086 0.00460799 0.00955166 0.00967372 0.00537471 0.00380121
 0.00867431 0.00815553] [0.9405122  0.00542116 0.00904163 0.01455053 0.01138406 0.00624521
 0.00554324 0.00730197] [0.94664735 0.00482493 0.00936761 0.01205279 0.00572126 0.00488596
 0.00754444 0.00895568] [0.8883056  0.01292597 0.01828254 0.02460055 0.01867932 0.01136936
 0.01171273 0.01412395] [0.96712285 0.00290822 0.00525196 0.00622454 0.0056982  0.00252681
 0.00538926 0.00487818] [0.92679316 0.00756102 0.01480922 0.01608338 0.00730924 0.00639368
 0.01059    0.0104603 ] [0.8227665  0.01979095 0.04129091 0.03555352 0.01899748 0.0193637
 0.01841764 0.02381933] [0.00229664 0.03799754 0.78033817 0.07868084 0.001691   0.03610529
 0.00777118 0.05511932] [0.93475574 0.00580331 0.00811166 0.01785633 0.01301833 0.00732186
 0.00548281 0.00764999] [0.9680697  0.00295008 0.00441273 0.00605654 0.00564463 0.00295008
 0.00575142 0.00416482] [0.7388372  0.03644133 0.04578056 0.04632993 0.05420418 0.03708225
 0.01754921 0.02377537] [0.9604254  0.00302689 0.00547777 0.01023076 0.00557313 0.00405874
 0.00557313 0.00563417] [0.97400963 0.00254411 0.00335846 0.00580912 0.00325547 0.00206161
 0.00530564 0.00365597] [0.87438494 0.01407419 0.01640082 0.03277113 0.02305269 0.01582107
 0.00888696 0.01460817] [0.8515755  0.01511406 0.03988708 0.03378347 0.01120012 0.01239796
 0.01855497 0.01748684] [0.8710007  0.01347207 0.02880552 0.029843   0.01524953 0.01299147
 0.01340341 0.01523427] [0.9753543  0.0018106  0.0027383  0.00645675 0.0035659  0.00229781
 0.00392058 0.00385574] [0.12122137 0.06647032 0.5503182  0.10870859 0.02278242 0.05957304
 0.01931851 0.05160759] [0.9639784  0.00349657 0.00624157 0.0081415  0.00758831 0.00194286
 0.00404023 0.00457053] [0.9850662  0.00114655 0.00206036 0.00261551 0.00215956 0.0010588
 0.00297226 0.00292075] [0.88878036 0.01329966 0.01231535 0.02444756 0.02907154 0.01262819
 0.00775241 0.01170492] [0.9237013  0.00778091 0.01456251 0.01612633 0.00729651 0.00704478
 0.01113739 0.01235029] [9.9412286e-01 3.8599278e-04 7.1571977e-04 9.9943276e-04 1.0471157e-03
 1.7499611e-04 1.1825350e-03 1.3713591e-03] [0.9810047  0.00176152 0.00234806 0.00357645 0.00234806 0.00132758
 0.00447104 0.00316254] [0.9604291  0.00336449 0.00494756 0.01092506 0.00494756 0.00378982
 0.0057677  0.00582873] [0.8578709  0.01457148 0.03710768 0.02683898 0.01530387 0.01458673
 0.01530387 0.01841651] [9.8919463e-01 7.5526180e-04 1.2873780e-03 2.5041888e-03 1.9320208e-03
 3.8049175e-04 2.1093928e-03 1.8366594e-03] [0.8668381  0.01287285 0.02936262 0.02867586 0.02072476 0.013758
 0.01239212 0.01537569] [0.89610547 0.01109449 0.02240264 0.02363875 0.01239165 0.00942345
 0.01321572 0.01172781] [0.9103021  0.00861497 0.01970225 0.02083158 0.01037764 0.00856155
 0.01101098 0.01059893] [0.703243   0.0260206  0.11555894 0.05433041 0.01941244 0.03018695
 0.02157955 0.02966806] [0.98384076 0.00129503 0.00213613 0.00334533 0.00204077 0.00110144
 0.00343307 0.00280749] [0.9489368  0.00482664 0.00941672 0.01067584 0.00766158 0.00463205
 0.00644442 0.00740594] [0.915813   0.00905409 0.01180769 0.01990831 0.01555289 0.00972533
 0.00818453 0.00995416] [0.9246213  0.00712063 0.01151047 0.01955789 0.01093075 0.00766221
 0.00852797 0.0100688 ] [0.9248964  0.00717997 0.01249056 0.01800716 0.01108661 0.00898069
 0.0079201  0.0094385 ] [0.9767842  0.00167789 0.00288075 0.0053456  0.00318409 0.00184196
 0.00444513 0.00384036] [9.8999858e-01 7.2795694e-04 1.1660659e-03 2.0747012e-03 1.6122792e-03
 3.8829137e-04 2.2158113e-03 1.8163170e-03] [0.9389935  0.00575655 0.00821711 0.01490829 0.00975829 0.00668737
 0.00662252 0.00905637] [0.89227366 0.01075966 0.01539929 0.02875348 0.01681865 0.01210271
 0.01059178 0.01330077] [0.9211794  0.00803957 0.01167035 0.01527061 0.01931328 0.00780693
 0.0080472  0.00867267] [0.7997315  0.02666992 0.0297214  0.03957767 0.03399347 0.02586128
 0.0158982  0.02854658] [0.97227556 0.00258665 0.00407073 0.00569216 0.00297579 0.00200294
 0.0059554  0.0044408 ] [0.01664569 0.04622955 0.71330816 0.11613838 0.00727009 0.03960789
 0.01539459 0.04540565] [0.9237577  0.00678964 0.01441083 0.01667658 0.01308341 0.00736943
 0.00962756 0.00828489] [0.93311256 0.00632482 0.00861365 0.01739515 0.0107499  0.00840766
 0.0072785  0.00811774] [0.98196167 0.00152306 0.00197416 0.00326357 0.00269898 0.00118164
 0.00385868 0.00353823] [0.8182782  0.02039898 0.03500019 0.04366632 0.02473204 0.02192471
 0.0144105  0.02158904] [9.8714697e-01 1.0059658e-03 1.5981029e-03 1.9814188e-03 1.8870201e-03
 6.8987318e-04 2.6870249e-03 3.0035942e-03] [0.97019446 0.00215907 0.00531376 0.00604998 0.00395957 0.00208087
 0.00437155 0.0058707 ] [0.97395575 0.00200428 0.0028777  0.00635421 0.00450821 0.00252871
 0.00386554 0.00390559] [0.97563803 0.00200092 0.00380536 0.00421165 0.00533323 0.00138099
 0.00328081 0.00434899] [9.7873032e-01 1.7923472e-03 4.8152041e-03 3.2718205e-03 3.2584663e-03
 6.3051702e-04 3.3691167e-03 4.1322233e-03] [0.9237612  0.00657225 0.0222457  0.0142049  0.01167213 0.00514947
 0.00747626 0.00891812] [0.8543357  0.01575944 0.03411241 0.03514981 0.01048087 0.01403552
 0.01672057 0.01940563] [0.41021258 0.08253086 0.16738139 0.07758634 0.09303036 0.09278618
 0.02675233 0.04971996] [0.8745651  0.01499268 0.01841848 0.02998535 0.01802173 0.01531313
 0.01158213 0.01712141] [0.19065055 0.08690345 0.27657756 0.2751129  0.02648602 0.0592579
 0.02404492 0.06096668] [9.8599595e-01 9.6479431e-04 1.5995650e-03 2.6172968e-03 2.1957059e-03
 9.6670195e-04 2.7107715e-03 2.9492278e-03] [0.9176975  0.00850879 0.01901695 0.01804016 0.00740989 0.00624995
 0.01278989 0.01028686] [0.9493636  0.00397934 0.0067912  0.01499405 0.0073406  0.00524601
 0.00615786 0.00612734] [0.9612021  0.00289087 0.00579318 0.00990828 0.00506855 0.0032303
 0.00589615 0.00601056] [0.84881413 0.01646775 0.02747169 0.03614053 0.02097006 0.01776502
 0.01425475 0.01811605] [0.9647775  0.00313165 0.00481    0.0090097  0.00408526 0.00277309
 0.00651124 0.00490155] [0.97399104 0.00229805 0.00506524 0.00443971 0.00303419 0.00173546
 0.00442446 0.00501184] [0.92791134 0.00640228 0.01037033 0.01806985 0.01661999 0.0078903
 0.00529581 0.00744008] [0.01057923 0.06132443 0.67072445 0.13497475 0.00605617 0.05802938
 0.01117416 0.04713743] [0.84583217 0.01611574 0.03790862 0.02956079 0.01910692 0.0150322
 0.01768764 0.01875591] [0.8756486  0.01298761 0.02878335 0.02943959 0.00927141 0.01095019
 0.01671143 0.0162078 ] [0.9768663  0.00165431 0.00367667 0.0044738  0.00361374 0.0018965
 0.00362709 0.00419156] [0.8360842  0.01684866 0.04996604 0.03330052 0.02119818 0.0151699
 0.01177422 0.01565826] [0.70961344 0.03075256 0.08992262 0.05707919 0.01903149 0.03195824
 0.02519726 0.03644522] [0.97523904 0.00181415 0.00305029 0.00544436 0.0042769  0.0023025
 0.00346997 0.0044028 ] [0.91131014 0.00807347 0.01397977 0.02164117 0.01642165 0.01020249
 0.00768811 0.01068323] [0.9401494  0.00551727 0.01027144 0.01169082 0.00710454 0.00590646
 0.00876048 0.01059957] [0.9669979  0.00289214 0.00666566 0.0053455  0.00399482 0.00222252
 0.00581862 0.00606281] [0.00186815 0.01364062 0.92328966 0.018218   0.00127595 0.01173337
 0.00569885 0.02427541] [0.9668928  0.00246835 0.00434919 0.00811085 0.00649707 0.00312073
 0.00466965 0.00389138] [0.98277706 0.0012787  0.00237433 0.00276528 0.00361012 0.00131112
 0.00292166 0.00296171] [0.97186506 0.00241326 0.00341862 0.0056888  0.00413592 0.00302754
 0.00476928 0.00468153] [0.95342964 0.00379871 0.01122068 0.00791779 0.00598029 0.00265642
 0.00662104 0.00837546] [0.8499161  0.01765065 0.02439359 0.03527078 0.0208238  0.01897788
 0.013791   0.0191762 ] [0.919964   0.00786627 0.0102086  0.02038668 0.01176506 0.00882761
 0.00901836 0.01196344] [0.93722266 0.00667341 0.00793636 0.01585745 0.01082855 0.00610871
 0.00768071 0.00769216] [0.8390272  0.01704732 0.04346532 0.03293475 0.01417049 0.01446809
 0.01788671 0.0210001 ] [0.22987244 0.06897394 0.3716047  0.16370629 0.02797107 0.05832265
 0.02333211 0.05621681] [0.90592414 0.00968344 0.01410165 0.02212921 0.01773389 0.01187347
 0.00734461 0.01120959] [0.9396503  0.00529973 0.00730286 0.01509411 0.01060708 0.00803544
 0.00694039 0.00707012] [0.8213768  0.02292115 0.02569855 0.02798761 0.0486197  0.02391308
 0.01327656 0.01620656] [0.96307796 0.00282915 0.0049677  0.0105764  0.00590248 0.00336713
 0.00443354 0.00484561] [0.9812862  0.00154566 0.00242194 0.00351849 0.0024658  0.00135877
 0.00404292 0.0033602 ] [0.944799   0.00516496 0.00654203 0.01326716 0.00920843 0.00644667
 0.00708752 0.00748424] [0.88433135 0.01015534 0.03409022 0.02349997 0.01046817 0.01043765
 0.01266557 0.01435177] [0.00194144 0.01334981 0.92859757 0.01812523 0.00121293 0.01073325
 0.00403927 0.02200049] [0.92143244 0.00849194 0.00880476 0.01869294 0.01971533 0.00882765
 0.00644334 0.00759162] [0.88861084 0.01260289 0.0150365  0.03010352 0.01377011 0.01367857
 0.01116104 0.0150365 ] [0.9819111  0.00130555 0.00214763 0.00431432 0.00335304 0.00133607
 0.00300019 0.00263208] [0.9704903  0.00243896 0.00375475 0.00554154 0.00467198 0.00256482
 0.00471012 0.00582758] [0.93170106 0.00644726 0.01307    0.01491643 0.00746203 0.00680205
 0.00906431 0.01053688] [0.78645307 0.02459192 0.04994661 0.05009916 0.01722349 0.02079329
 0.02189169 0.02900076] [0.93490523 0.00641145 0.01148036 0.01527917 0.00641527 0.00636187
 0.00923768 0.00990896] [9.8314130e-01 1.4136777e-03 3.4111412e-03 2.5602637e-03 2.4610583e-03
 6.3481950e-04 3.1764822e-03 3.2012835e-03] [0.96023124 0.00399308 0.005019   0.00918371 0.00626994 0.00331613
 0.00674667 0.0052402 ] [0.9789451  0.00166406 0.00286467 0.00365235 0.00296193 0.00170697
 0.00400519 0.00419973] [0.96044004 0.00366589 0.00693505 0.00716393 0.00547785 0.00283239
 0.00662988 0.00685495] [0.929684   0.00728223 0.00879666 0.01664728 0.01208492 0.00859067
 0.00793454 0.00897976] [0.9477286  0.00472628 0.00701504 0.01305355 0.00667936 0.00598891
 0.0070837  0.00772456] [0.9763061  0.00180955 0.00267474 0.00591419 0.00376409 0.0017609
 0.00471609 0.00305439] [0.7042413  0.03919234 0.04789158 0.0714253  0.04441189 0.04026067
 0.01591807 0.03665888] [0.7903706  0.02501945 0.03636974 0.05708706 0.02474485 0.02616363
 0.01531679 0.02492792] [0.9732801  0.00211364 0.00440277 0.00517727 0.00392587 0.00140973
 0.00472707 0.00496361] [0.8995033  0.0113613  0.01776299 0.02165437 0.01516111 0.00962162
 0.01108661 0.01384872] [0.9582253  0.00331763 0.00571571 0.01127117 0.00600188 0.00376596
 0.0062766  0.00542573] [0.92681086 0.00734371 0.01467216 0.01640414 0.00839281 0.0060352
 0.00997219 0.01036894] [0.8554753  0.01577771 0.02525349 0.03643827 0.01647962 0.01654065
 0.01360331 0.02043168] [0.96032834 0.00361588 0.00663674 0.00918464 0.0045084  0.00332981
 0.0063316  0.00606461] [0.93167615 0.00614571 0.00908696 0.01514493 0.01548063 0.00736265
 0.00597786 0.0091251 ] [0.92962724 0.00731611 0.01447202 0.01539512 0.00632054 0.00595817
 0.01027613 0.01063469] [9.0592535e-04 9.1775004e-03 9.4817394e-01 1.0665125e-02 6.8802648e-04
 8.9562647e-03 2.8798890e-03 1.8553352e-02] [0.9747516  0.00218233 0.00611204 0.00428835 0.003201   0.00117796
 0.00409758 0.00418915] [9.8648381e-01 1.1484051e-03 1.8208517e-03 2.2567497e-03 1.7140233e-03
 8.0168981e-04 2.9931024e-03 2.7813532e-03] [0.971171   0.00274462 0.00479116 0.00553882 0.00370209 0.0020351
 0.00572956 0.00428763] [0.01279264 0.01965047 0.89147234 0.02370872 0.00471428 0.01499722
 0.00829958 0.02436475] [0.937974   0.00626364 0.00777423 0.01525093 0.00863634 0.00758732
 0.00753391 0.00897966] [0.8715488  0.01392311 0.02207863 0.03080632 0.02491665 0.01621947
 0.00768251 0.01282452] [0.8563016  0.01719377 0.01823119 0.0360047  0.02514226 0.01696493
 0.0118846  0.01827696] [0.9267472  0.00688545 0.00936116 0.01936318 0.01282487 0.00910176
 0.00717155 0.00854482] [0.91979206 0.00709815 0.01334956 0.0216034  0.01013041 0.00858949
 0.00855897 0.01087798] [0.8908221  0.00989751 0.02846394 0.02093969 0.01430065 0.0102867
 0.01285074 0.01243867] [0.9166787  0.00827947 0.01116393 0.02248048 0.01292666 0.00956909
 0.00886705 0.01003457] [0.89096373 0.01122096 0.02727814 0.01916182 0.01538591 0.0096877
 0.01347125 0.01283049] [0.772349   0.02604298 0.03046739 0.04351176 0.0631012  0.03185573
 0.01042787 0.02224409] [0.7939453  0.02482605 0.03839111 0.04534912 0.02790833 0.0234375
 0.01998901 0.02615356] [0.8551762  0.01433891 0.03079929 0.0346759  0.01875735 0.01654431
 0.01262954 0.01707849] [9.9084032e-01 6.3808390e-04 1.1998648e-03 1.5489510e-03 1.6042707e-03
 2.9042832e-04 1.8293646e-03 2.0487357e-03] [0.9720901  0.00206168 0.00437129 0.00571777 0.00454675 0.00256518
 0.00460397 0.00404326] [0.9381565  0.00555901 0.00761932 0.01637562 0.00892799 0.00722633
 0.00745144 0.00868381] [0.9534169  0.00418768 0.00671248 0.01038147 0.00805498 0.00427158
 0.00573994 0.00723499] [0.66204876 0.04311739 0.0767752  0.0864789  0.03823502 0.0400354
 0.02236734 0.03094199] [9.7693294e-01 2.1169016e-03 5.0271647e-03 4.0964908e-03 3.1333957e-03
 8.6821575e-04 3.5644046e-03 4.2605028e-03] [0.9216746  0.00752476 0.01606401 0.01729971 0.0084439  0.00742179
 0.01106784 0.01050339] [0.9418119  0.00595422 0.00842974 0.01396057 0.00693451 0.00575969
 0.00824665 0.00890272] [0.18056954 0.08741568 0.30326894 0.26297957 0.02997283 0.04871349
 0.02948448 0.05759546] [0.40188    0.05404993 0.26393214 0.12879205 0.03521943 0.03662333
 0.03006165 0.04944149] [9.8574537e-01 1.1357173e-03 2.2237555e-03 2.1436545e-03 1.9624736e-03
 6.5368111e-04 2.5250877e-03 3.6102650e-03] [0.9267755  0.00766769 0.013016   0.01492338 0.01168083 0.00639737
 0.00973529 0.00980396] [0.9442423  0.00539726 0.00776977 0.01392226 0.00766678 0.00658351
 0.00693825 0.00747988] [0.9619159  0.00275994 0.00550462 0.00762941 0.00604631 0.00400162
 0.00534822 0.00679399] [0.91793376 0.00844542 0.01262617 0.01899647 0.01243544 0.00897183
 0.00875058 0.01184037] [0.89800406 0.01003327 0.02412562 0.02246231 0.01187206 0.00995697
 0.01281054 0.01073521] [0.9486002  0.0049775  0.00855138 0.01135861 0.00572889 0.00408498
 0.00858952 0.00810893] [0.84279275 0.01528966 0.04452617 0.03228834 0.01343567 0.01440463
 0.01684609 0.02041673] [0.9317046  0.00745443 0.00871337 0.01561081 0.01307005 0.00640913
 0.00901093 0.00802667] [0.55127794 0.05935759 0.0936904  0.05856413 0.10473793 0.0686656
 0.02253758 0.04116884] [0.87061876 0.01493858 0.02090486 0.02943465 0.02117952 0.01602197
 0.01110857 0.01579309] [0.9472223  0.00481774 0.00978807 0.01083324 0.00739636 0.00461557
 0.00733151 0.00799524] [0.52445406 0.06287101 0.09241427 0.04632922 0.14905922 0.07074514
 0.01829668 0.03583037] [0.92844576 0.00690626 0.01386594 0.01510983 0.00772662 0.00678416
 0.01062267 0.01053873] [9.8536754e-01 1.3971556e-03 1.6985215e-03 2.3174661e-03 1.8987963e-03
 8.7930198e-04 3.4981342e-03 2.9430867e-03] [0.9350764  0.00582134 0.01431302 0.01274133 0.00858323 0.00564204
 0.00849168 0.00933093] [0.91849905 0.00840798 0.01398532 0.01693803 0.01242885 0.00874369
 0.01093342 0.01006363] [0.9360066  0.00623303 0.0118252  0.01397662 0.00730874 0.00658397
 0.00856755 0.00949831] [0.9436893  0.00555708 0.00800189 0.01349413 0.00776542 0.00575923
 0.00754039 0.00819259] [0.96697944 0.0028463  0.00608178 0.00792844 0.00572694 0.00259639
 0.00322021 0.00462047] [0.0171531  0.03857922 0.76377094 0.08851246 0.0057762  0.03056732
 0.01309374 0.04254702] [0.31444353 0.06768592 0.26903477 0.19152248 0.03018096 0.04473741
 0.030242   0.05215295] [0.88917375 0.01039902 0.0230869  0.02659648 0.01220722 0.01132219
 0.01181048 0.01540398] [0.9536897  0.00413165 0.0086448  0.00802677 0.00773683 0.00415072
 0.00650076 0.0071188 ] [0.04706277 0.08973058 0.3708864  0.33182    0.01361982 0.06052236
 0.02049459 0.06586347] [0.90449697 0.00963043 0.0204513  0.02098548 0.0084934  0.0095007
 0.01240814 0.01403356] [0.00528343 0.02075223 0.87989455 0.03006021 0.00231746 0.0188296
 0.00685129 0.03601122] [0.9578744  0.00414981 0.00604927 0.00987869 0.00532839 0.00346136
 0.00721259 0.00604545] [0.98009545 0.00146788 0.00252563 0.00457817 0.00267442 0.00137917
 0.00407076 0.00320854] [0.9350907  0.00580617 0.0103687  0.01718199 0.00938448 0.00627539
 0.00657676 0.00931581] [0.9324109  0.007048   0.01179243 0.01526304 0.00829132 0.0071853
 0.0088634  0.00914562] [8.0727378e-04 1.3320732e-02 9.2235011e-01 1.8584939e-02 7.4814679e-04
 1.5510337e-02 3.7764963e-03 2.4901988e-02] [9.8633987e-01 1.2293009e-03 1.7338006e-03 2.2487908e-03 1.7404763e-03
 7.0715795e-04 3.1700511e-03 2.8305391e-03] [0.9753051  0.00171507 0.00474268 0.00508989 0.00329851 0.00161682
 0.00345113 0.00478083] [0.01167075 0.04006194 0.78451836 0.075242   0.00545398 0.03466136
 0.00979427 0.03859738] [0.00865107 0.07702049 0.55318046 0.2234937  0.00624037 0.05031965
 0.01743947 0.06365481] [0.970287   0.00267812 0.00407058 0.00584837 0.00387411 0.00203338
 0.00576825 0.00544016] [0.854974   0.01747118 0.02168257 0.02957131 0.02389508 0.01788316
 0.01294698 0.02157576] [0.01301005 0.0258675  0.8634097  0.03796951 0.00586406 0.02191488
 0.00634097 0.02562332] [0.9107488  0.00869851 0.017748   0.01968609 0.0126815  0.00919447
 0.00997276 0.01126991] [9.8500043e-01 1.1579219e-03 1.7216218e-03 2.6038934e-03 2.5199584e-03
 7.0104824e-04 3.2295908e-03 3.0655360e-03] [0.9642598  0.0030629  0.00493191 0.0077507  0.00638136 0.00372278
 0.00519129 0.00469924] [0.00760717 0.05554686 0.669004   0.14930509 0.00468867 0.04175171
 0.01480995 0.05728652] [0.62162    0.05630837 0.06384667 0.08771288 0.05203565 0.0544772
 0.02078374 0.04321553] [0.92105305 0.00814193 0.01328501 0.01971767 0.00858451 0.00828691
 0.00998092 0.01095002] [0.9411298  0.00529981 0.00644447 0.01776523 0.01059198 0.00699391
 0.00476944 0.00700536] [0.9770377  0.00145719 0.00274464 0.00608818 0.00370784 0.00184247
 0.0036468  0.00347514] [0.9550854  0.00424579 0.00759894 0.0089112  0.00615697 0.00398639
 0.00649266 0.00752264] [0.9813527  0.00138842 0.00295611 0.00305719 0.00252509 0.00114907
 0.00352826 0.0040432 ] [0.84876233 0.01476513 0.03488692 0.03821384 0.01387999 0.01622257
 0.01491011 0.01835912] [0.9443143  0.00480259 0.00889567 0.01267976 0.00978829 0.00558077
 0.00730879 0.00662979] [0.9140416  0.00875834 0.01288575 0.01957658 0.01419035 0.00979592
 0.00898722 0.01176426] [0.97491914 0.00192988 0.00306646 0.00553411 0.00404665 0.00223882
 0.00413437 0.00413056] [0.8992151  0.01015248 0.01749796 0.02369166 0.01411126 0.01199075
 0.01069404 0.01264674] [0.91901195 0.00755746 0.01646543 0.01625179 0.01216214 0.00833953
 0.00946876 0.01074297] [0.90539086 0.01004159 0.01553546 0.02211285 0.01646637 0.01072069
 0.00927855 0.01045363] [0.8909094  0.01143385 0.02404235 0.02263886 0.01169319 0.00839804
 0.01341703 0.01746732] [0.9108113  0.00882883 0.02142726 0.01642146 0.01052286 0.0076079
 0.01081283 0.01356755] [0.9261494  0.00670155 0.01469231 0.01603491 0.01040514 0.00689226
 0.0091846  0.00993981] [0.9565357  0.00382611 0.00618739 0.01091758 0.0074119  0.003849
 0.0048637  0.00640864] [0.9614918  0.00356317 0.00773292 0.00750021 0.00729802 0.00268955
 0.00502049 0.00470384]",0 2 4 0 0 0 0 0 0 0 0 0 2 0 0 0 0 2 0 0 0 2 0 0 0 0 0 0 0 0 0 0 1 0 0 2 0 0 0 0 0 0 3 0 0 0 0 0 0 0 0 0 0 0 0 0 1 0 0 0 0 0 0 0 0 3 0 0 0 0 0 0 0 0 0 0 0 0 0 0 0 0 0 0 2 0 0 3 0 2 0 0 4 0 0 0 5 0 0 0 7 0 0 0 0 0 0 3 0 0 0 0 0 0 0 2 0 0 0 0 0 0 0 2 0 0 0 0 0 0 0 0 0 0 0 0 0 0 0 0 0 0 2 0 0 0 0 0 0 0 0 0 7 0 0 0 0 0 0 3 4 0 0 0 0 0 0 0 0 0 0 0 0 0 0 3 0 0 5 0 3 0 0 0 0 0 0 0 1 0 0 0 2 0 7 0 0 0 0 0 6 2 0 0 0 0 3 0 0 0 0 2 0 0 0 0 0 0 0 4 3 0 0 0 0 0 0 0 2 7 0 0 0 0 1 0 0 0 0 0 0 0 0 0 0 0 0 0 0 0 0 0 6 2 0 0 0 2 0 0 0 0 0 0 0 7 0 0 0 0 0 0 0 0 0 0 0 3 0 0 0 0 0 0 0 0 4 0 0 0 0 0 0 0 0 0 0 0 0 2 0 0 0 1 0 2 0 0 0 0 2 0 0 2 3 0 0 2 0 7 0 2 5 0 0 0 0 0 0 0 0 0 0 0 0 0 0 0 0 0
46980,1,wide-v2-5k,0.02,17,0,0.8911764705882353,0.7826070660724622,"[0.9651553  0.00258208 0.00633124 0.00509169 0.00432126 0.00304739
 0.00592695 0.00754409] [0.95114285 0.00365055 0.00839208 0.00905581 0.00630932 0.00488648
 0.00611096 0.01045195] [0.778767   0.02340573 0.06426658 0.03542902 0.03677172 0.0291885
 0.00957438 0.02259706] [0.9723497  0.00208703 0.00439535 0.00442588 0.00375627 0.00206604
 0.00499819 0.00592152] [0.8914111  0.01072464 0.01444699 0.03061785 0.01234172 0.01250191
 0.01080854 0.01714722] [0.9779583  0.00116721 0.00207314 0.00332046 0.00284556 0.00247747
 0.00396701 0.00619082] [0.86494404 0.01616276 0.02861678 0.02789945 0.01684956 0.0112483
 0.01582699 0.0184521 ] [0.87535805 0.01431062 0.0239985  0.02942983 0.01905539 0.0072888
 0.01376138 0.01679743] [0.9322996  0.005353   0.01166748 0.01661986 0.0083023  0.00635263
 0.00742476 0.01198034] [0.07836615 0.07122531 0.44944575 0.23583084 0.01975938 0.0566995
 0.012321   0.07635207] [0.8967811  0.01006102 0.02038139 0.02382914 0.01459191 0.00953471
 0.01056445 0.01425629] [0.01911875 0.03832905 0.744609   0.10094945 0.00670987 0.04110608
 0.00367727 0.04550049] [0.7970453  0.02605232 0.04667135 0.04203168 0.02461769 0.01590306
 0.01976435 0.02791429] [2.6105591e-03 6.0258340e-03 9.6510977e-01 6.6474862e-03 7.7039143e-04
 5.1410277e-03 4.9913354e-04 1.3195814e-02] [9.8685360e-01 7.1051414e-04 1.4782508e-03 1.0023494e-03 1.7548269e-03
 9.1413129e-04 2.7237965e-03 4.5625498e-03] [0.19604492 0.06524658 0.39892578 0.18493652 0.02911377 0.05889893
 0.01153564 0.05529785] [0.8904484  0.01086973 0.02122077 0.02741461 0.01517186 0.00873392
 0.01144182 0.01469893] [0.8442061  0.01916431 0.03283566 0.03283566 0.02159036 0.01052053
 0.01643309 0.02241431] [0.8954668  0.01238194 0.02033903 0.02061368 0.011085   0.00874289
 0.01371702 0.01765361] [0.97034067 0.00194384 0.00405173 0.00533364 0.0042196  0.00247797
 0.00476517 0.00686735] [9.8999548e-01 4.2142236e-04 8.6811103e-04 7.9660269e-04 1.3233806e-03
 5.0818577e-04 2.1395290e-03 3.9472594e-03] [0.94260937 0.00516634 0.00927957 0.01204208 0.00679561 0.00548685
 0.0078449  0.0107753 ] [0.92865425 0.00688511 0.01342691 0.01246567 0.01156546 0.00470323
 0.0097574  0.01254196] [0.72500914 0.03994263 0.05410106 0.05767118 0.03881362 0.01899487
 0.03101733 0.03445014] [0.9462782  0.00500483 0.01188646 0.00918569 0.00829306 0.00490183
 0.00666801 0.00778189] [0.9796557  0.00120469 0.00256009 0.00254101 0.00272033 0.00147844
 0.00425791 0.00558183] [0.95966667 0.00281391 0.00529969 0.00985917 0.00580714 0.00297797
 0.00558585 0.00798959] [0.9475298  0.00426764 0.00927515 0.00865731 0.00686865 0.00538127
 0.00760089 0.01041929] [0.9034858  0.0101108  0.0145214  0.01571943 0.02145779 0.01240767
 0.00853886 0.01375832] [0.91129273 0.00882113 0.02623446 0.01222443 0.01188105 0.00824119
 0.00895085 0.01235416] [0.7832031  0.02868652 0.05181885 0.0440979  0.02557373 0.01522827
 0.02215576 0.02923584] [0.62808305 0.06715507 0.08070818 0.07905983 0.03629426 0.02521368
 0.03742369 0.04606227] [0.97543246 0.0016515  0.00342315 0.00326487 0.00341552 0.00135877
 0.0046799  0.00677384] [0.9481934  0.0043142  0.00817829 0.0114435  0.00704538 0.00351506
 0.00769003 0.00962017] [0.97318536 0.00187119 0.00394075 0.00273335 0.00355926 0.00238047
 0.00506232 0.0072673 ] [0.9591289  0.00347953 0.00754279 0.0063448  0.00541769 0.00247802
 0.00739781 0.00821047] [0.9412842  0.00461137 0.01385318 0.00790303 0.01061874 0.00780004
 0.00549245 0.00843702] [0.9469363  0.00476154 0.01152995 0.00877528 0.00876002 0.00536436
 0.00617322 0.00769935] [0.94368744 0.00586982 0.01133536 0.01003095 0.00786457 0.00286626
 0.0079256  0.01041998] [0.962239   0.00274039 0.00577829 0.00672798 0.00495064 0.00342883
 0.00584312 0.00829174] [0.97014636 0.00225814 0.0050503  0.00535927 0.00429886 0.00217995
 0.00509608 0.00561102] [0.94749695 0.00480006 0.00997405 0.00949328 0.00619658 0.00374695
 0.00819597 0.01009615] [0.20825672 0.07287765 0.24207097 0.28223303 0.02848881 0.09790263
 0.01213864 0.05603155] [0.8894449  0.01089228 0.01993867 0.02730698 0.01492731 0.01121264
 0.01062531 0.01565194] [0.9527003  0.00388553 0.00875913 0.0096442  0.00588647 0.00378825
 0.00680587 0.00853023] [0.97515625 0.00169383 0.00356886 0.00370048 0.00336858 0.00176154
 0.00464277 0.0061077 ] [0.68421775 0.0479221  0.0625124  0.07771317 0.03678098 0.02084764
 0.02968423 0.04032172] [0.9702204  0.00234987 0.00473025 0.00472262 0.00400545 0.00238611
 0.00521854 0.00636677] [0.94684595 0.00424988 0.00820219 0.01004864 0.00734382 0.00492513
 0.00749642 0.01088793] [0.8606363  0.01566707 0.02183016 0.03606325 0.01861132 0.0142941
 0.01417969 0.01871811] [0.8534896  0.01742501 0.02941805 0.03384296 0.01673838 0.01283225
 0.01673838 0.0195154 ] [0.8613347  0.01476299 0.01956192 0.04135164 0.01690687 0.01515972
 0.0123826  0.01853957] [0.9537552  0.00390683 0.01085061 0.00718414 0.00650503 0.00423113
 0.00598615 0.00758093] [0.00392092 0.02460874 0.82360715 0.07536713 0.00197    0.0393923
 0.00106319 0.03007057] [0.9274159  0.00627633 0.01169037 0.01956535 0.01048471 0.00464334
 0.00827178 0.01165222] [0.9798926  0.0011424  0.00227717 0.00314303 0.00298664 0.0015677
 0.0036923  0.00529814] [3.7473594e-04 2.4467490e-03 9.8373425e-01 3.1733364e-03 1.5673593e-04
 2.3914445e-03 1.7080044e-04 7.5519304e-03] [0.9599591  0.00320815 0.00690459 0.00683211 0.00497054 0.00312232
 0.00624465 0.00875853] [0.91387427 0.00794819 0.01538532 0.01775757 0.01420301 0.01028993
 0.0089932  0.01154852] [0.88681346 0.01135375 0.0194723  0.02881167 0.0166186  0.01009477
 0.01213203 0.01470341] [0.891588   0.01063521 0.02079741 0.02627523 0.0156858  0.00782001
 0.01208478 0.0151136 ] [0.876612   0.01147654 0.01823731 0.03156047 0.01977871 0.0149256
 0.01060664 0.01680275] [0.9824275  0.00103474 0.00217058 0.00173665 0.00252153 0.00158502
 0.0032139  0.00531009] [0.9350336  0.00588974 0.01535756 0.01097841 0.00956701 0.00697308
 0.00709896 0.00910162] [0.9379883  0.00613785 0.01221466 0.00894165 0.00774384 0.00482559
 0.00861359 0.01353455] [0.79289615 0.03161332 0.04171371 0.04351408 0.02328278 0.01559305
 0.02422874 0.02715816] [0.8571036  0.01345329 0.01987088 0.04010805 0.02332005 0.0175053
 0.01105719 0.01758161] [9.8641658e-01 6.4664916e-04 1.7406116e-03 1.1893385e-03 1.6967388e-03
 1.3610153e-03 2.6190244e-03 4.3300698e-03] [9.8725337e-01 7.0520549e-04 1.5048198e-03 1.1805875e-03 1.7251072e-03
 1.3121876e-03 2.0731802e-03 4.2455373e-03] [0.9795828  0.00131524 0.00281169 0.0029414  0.00290135 0.00134862
 0.00415077 0.00494812] [0.8922328  0.01170537 0.02191513 0.01993117 0.01739781 0.00863023
 0.01184272 0.01634478] [0.74057573 0.03276938 0.06026026 0.05467666 0.03719355 0.02029016
 0.02146486 0.03276938] [0.9110147  0.00848279 0.01435666 0.02233597 0.01071028 0.00818528
 0.01033649 0.01457788] [0.95352596 0.00392115 0.00657594 0.0103674  0.00677047 0.00355497
 0.00674758 0.00853651] [0.01068656 0.02724653 0.8342992  0.05519482 0.00439362 0.03116723
 0.00213769 0.03487434] [0.9766426  0.00165762 0.00328282 0.00313403 0.00313403 0.00181022
 0.00459709 0.00574159] [0.97005755 0.0019776  0.00435949 0.00357379 0.00349751 0.00279953
 0.0052825  0.008452  ] [9.9063551e-01 3.7738340e-04 9.1926119e-04 7.1471604e-04 1.3750774e-03
 7.5619720e-04 2.3477396e-03 2.8741215e-03] [0.9790319  0.00133232 0.00317201 0.00269135 0.00263985 0.00191217
