dataset_id,fold,checkpoint,sparsity,features,features_added,accuracy,roc_auc_score,prediction_probas,ground_truth
46980,0,wide-v2-1.5k,0.5,17,0,0.8911764705882353,0.7708683206602326,"[0.84803456 0.01454737 0.04485502 0.0286828  0.01415069 0.02021527
 0.01225885 0.01725545] [0.05915661 0.04172708 0.69644845 0.08601822 0.01813159 0.03885777
 0.01854367 0.04111659] [0.8483128  0.01459793 0.03983334 0.02876852 0.01430032 0.01886361
 0.01531523 0.02000824] [0.94543153 0.00520009 0.00868334 0.00940823 0.00595549 0.00763417
 0.00832472 0.00936245] [0.9615322  0.00412796 0.00506648 0.00555481 0.00412796 0.00560823
 0.00677565 0.00720676] [0.95106304 0.00481741 0.00830746 0.00806335 0.00562222 0.00597313
 0.00766285 0.00849054] [0.888699   0.0101474  0.02316355 0.02198859 0.01150548 0.01525925
 0.01295511 0.01628163] [0.9544078  0.00465686 0.00759743 0.00728468 0.00519081 0.00526328
 0.00727705 0.00832208] [0.84872997 0.01577939 0.03744935 0.02908658 0.0154284  0.02014391
 0.01415415 0.01922827] [0.9258095  0.00656148 0.01270333 0.01456496 0.00675985 0.00982696
 0.01130711 0.01246681] [0.91664726 0.00764203 0.01635998 0.01797767 0.00895831 0.01136958
 0.00897357 0.01207159] [0.94641906 0.00507424 0.00840875 0.00872923 0.00574954 0.00703145
 0.00920231 0.00938544] [0.03671433 0.02937451 0.79154015 0.04007141 0.01750263 0.03430333
 0.01454229 0.03595135] [0.8805323  0.0105076  0.02986692 0.02258714 0.01136225 0.01494872
 0.01326995 0.0169251 ] [0.823349   0.02556179 0.03363473 0.03140666 0.02319637 0.02678265
 0.01345237 0.02261646] [0.9208949  0.00712964 0.01467127 0.01579279 0.00931546 0.01169582
 0.00873562 0.01176448] [0.8910929  0.00991036 0.02383368 0.01994278 0.01073431 0.01500668
 0.01300019 0.01647912] [0.02994506 0.04246032 0.73650795 0.07814408 0.01283578 0.03916362
 0.01744506 0.04349817] [0.7865731  0.02110162 0.07000306 0.0357339  0.01904181 0.02459567
 0.0173787  0.02557217] [0.9272921  0.00664553 0.01239838 0.01297061 0.00765648 0.00917862
 0.01134547 0.01251283] [0.9025366  0.00866884 0.02025274 0.01820762 0.01019505 0.01319404
 0.01228595 0.0146592 ] [0.88813615 0.00977273 0.02328367 0.02262758 0.01196225 0.01554788
 0.01296928 0.01570046] [0.95540786 0.00388081 0.0078646  0.00709797 0.00593468 0.00514136
 0.0067242  0.00794851] [0.9252965  0.00657275 0.01391607 0.01523596 0.00769809 0.01045231
 0.009491   0.01133732] [0.9385016  0.00506987 0.01131469 0.01210817 0.00725193 0.00883507
 0.00767156 0.00924707] [0.94927305 0.00487546 0.0077748  0.00824785 0.00553544 0.00695078
 0.00851489 0.00882771] [0.9486002  0.0051949  0.00870394 0.00872683 0.0058662  0.00575177
 0.00795637 0.00919979] [0.9244857  0.00647854 0.01407118 0.01477321 0.00783682 0.01029394
 0.01047708 0.01158354] [0.9225568  0.00678777 0.01662031 0.01356791 0.00884432 0.00866881
 0.01068339 0.01227064] [0.925866   0.006642   0.01252861 0.01413093 0.00708454 0.00986571
 0.01147566 0.01240653] [0.9017385  0.00887183 0.02120697 0.0183692  0.01007712 0.01307509
 0.01239616 0.01426512] [0.9587082  0.00443366 0.00543715 0.00578055 0.00443366 0.00593317
 0.00755477 0.00771884] [0.8871461  0.01003196 0.02589239 0.02221527 0.01067279 0.01441094
 0.01325898 0.01637156] [0.88593143 0.01046214 0.02483135 0.02249626 0.01100394 0.01507127
 0.01326272 0.01694087] [0.9554024  0.00443192 0.00603    0.00705598 0.00475611 0.00621308
 0.00778065 0.00832987] [0.67728746 0.06070317 0.06140511 0.03071782 0.07556614 0.04706098
 0.01779283 0.02946652] [0.80357605 0.0280562  0.04283949 0.03481471 0.02559995 0.02851389
 0.01409675 0.02250294] [0.8821694  0.0110378  0.0279492  0.02387582 0.01137343 0.01513406
 0.01279225 0.01566803] [0.82440114 0.02393108 0.03714811 0.0331189  0.0217028  0.0245263
 0.01349939 0.02167227] [0.9100035  0.00794087 0.02137398 0.01842952 0.00923765 0.01006911
 0.00982501 0.01312036] [0.9065239  0.00829882 0.01954189 0.01888591 0.00889377 0.01176937
 0.01167784 0.01440852] [0.90637445 0.00822562 0.01846567 0.01848093 0.00911838 0.01264364
 0.01220871 0.01448258] [0.03240101 0.06104937 0.62385684 0.1481538  0.01247073 0.0498219
 0.02099049 0.05125584] [0.79212517 0.02014498 0.06812667 0.03534529 0.01857306 0.02454025
 0.01684853 0.02429607] [0.8566479  0.01557528 0.03635503 0.02599186 0.01582711 0.01868118
 0.01245412 0.0184675 ] [0.9454099  0.00481846 0.00944616 0.01014051 0.0065238  0.00782857
 0.0073326  0.00850002] [0.95878685 0.00445465 0.00565603 0.00573994 0.00449279 0.00582384
 0.00736848 0.0076774 ] [0.9324109  0.00604114 0.01126612 0.01249418 0.00649881 0.00921427
 0.0106254  0.01144919] [0.9442891  0.00528309 0.00814016 0.00943709 0.00570269 0.00754128
 0.00963545 0.00997112] [0.8701172  0.01347351 0.03007507 0.0271759  0.01428223 0.01747131
 0.01094055 0.01646423] [0.94582963 0.00470748 0.00978118 0.00946837 0.00704215 0.00770974
 0.00698492 0.00847652] [0.93224627 0.00558924 0.01238407 0.01388725 0.00730988 0.00991946
 0.00869097 0.00997287] [0.8999847  0.00911033 0.02090646 0.01948726 0.00999542 0.01387151
 0.01227682 0.01436746] [0.9463035  0.00437552 0.00862898 0.00996414 0.00546273 0.00758755
 0.00859846 0.00907912] [0.9501591  0.00487118 0.0071561  0.00776643 0.00510387 0.0068166
 0.00890316 0.00922359] [0.9432946  0.00511516 0.00891815 0.00982599 0.0061832  0.00761361
 0.00926145 0.00978784] [0.8405436  0.01508711 0.04670365 0.02855638 0.01485054 0.01933775
 0.01483528 0.02008562] [0.9393456  0.00525605 0.01061127 0.01205306 0.00697247 0.00735389
 0.00820829 0.01019933] [0.7304576  0.04235775 0.05914216 0.03561347 0.03680364 0.04641653
 0.01870699 0.03050185] [0.9116072  0.01220684 0.01290111 0.01646398 0.01374796 0.01327494
 0.00756824 0.01222973] [0.87615705 0.01153039 0.02989813 0.02380862 0.01223244 0.01671182
 0.01319394 0.01646763] [0.9628392  0.00417306 0.00548524 0.00549669 0.00430275 0.0051572
 0.00583236 0.00671351] [0.89162195 0.00968192 0.02600157 0.01977584 0.01146724 0.01417574
 0.01245146 0.01482425] [0.95426536 0.00478827 0.00682567 0.00746664 0.00506679 0.00573066
 0.00760018 0.00825642] [0.9476599  0.00509212 0.00771637 0.0086051  0.00548118 0.00733494
 0.00875768 0.00935271] [0.07713784 0.03966741 0.6644595  0.07762606 0.02581433 0.05559539
 0.0192692  0.04043024] [0.94154274 0.00520782 0.00971363 0.01045379 0.00597087 0.00776022
 0.00937789 0.00997306] [0.95820886 0.00437638 0.00576522 0.00602086 0.00463201 0.00565457
 0.00756613 0.00777598] [0.91204673 0.00735423 0.0164631  0.01830929 0.00881135 0.01261815
 0.01141279 0.01298434] [0.91104245 0.00771255 0.01734752 0.01649312 0.00923065 0.01264065
 0.01199222 0.01354083] [0.921327   0.0073657  0.01443388 0.01496027 0.00825447 0.01119922
 0.01034479 0.01211469] [0.89520395 0.0094624  0.02196192 0.01993208 0.01126331 0.01390362
 0.01298791 0.01528483] [0.96036494 0.0043026  0.00586649 0.005897   0.00451621 0.004726
 0.00683534 0.00749141] [0.94686043 0.00429954 0.00852278 0.00962151 0.00557758 0.00763769
 0.00845411 0.00902637] [0.95701665 0.00441354 0.00595847 0.00664129 0.00484841 0.00606528
 0.00736988 0.0076865 ] [0.9021373  0.00860399 0.01923693 0.01975561 0.01009138 0.01321871
 0.01218898 0.01476713] [0.905087   0.00839823 0.02006117 0.01787962 0.0094585  0.01191466
 0.01238758 0.01481323] [0.90221983 0.00878023 0.02581433 0.01598901 0.010817   0.01118316
 0.01129758 0.01389885] [0.9382209  0.00525414 0.01172929 0.012439   0.00669264 0.00655528
 0.00873782 0.01037092] [0.88564086 0.01080199 0.02879004 0.01785074 0.01494427 0.01560033
 0.01134361 0.01502819] [0.9341925  0.00585625 0.01380321 0.0100491  0.00918688 0.00826361
 0.0082102  0.01043825] [0.9552567  0.00453652 0.00648238 0.0063145  0.0049753  0.00589099
 0.00843206 0.00811156] [0.8930732  0.01498425 0.01649488 0.01876845 0.01942459 0.01573193
 0.00796515 0.01355754] [0.94617    0.00522166 0.00835314 0.00902444 0.0058205  0.00733855
 0.00851333 0.00955843] [0.03033656 0.02751349 0.8125558  0.03647101 0.01501568 0.03044337
 0.01342103 0.03424307] [0.92567176 0.00687709 0.0139754  0.01311338 0.007926   0.00913893
 0.01093163 0.01236579] [0.94568175 0.00511868 0.00881847 0.0093906  0.00592729 0.00780007
 0.00795646 0.00930669] [0.03118349 0.05324383 0.67908007 0.11191884 0.01233457 0.04704985
 0.01841413 0.04677524] [0.90769404 0.00795728 0.01870685 0.01875262 0.00926187 0.01296967
 0.01124547 0.01341217] [0.89901495 0.00902647 0.02101344 0.01956371 0.01019388 0.01303993
 0.01307808 0.01506955] [0.87487316 0.01112205 0.03353396 0.023785   0.01158737 0.01675172
 0.01247988 0.01586684] [0.9298897  0.00577289 0.01355275 0.01497213 0.0071503  0.00827969
 0.00918016 0.01120239] [0.85789055 0.01394621 0.037963   0.02319283 0.01672325 0.02021743
 0.0126111  0.01745566] [0.9549725  0.00463434 0.00633551 0.00717084 0.00503866 0.00629737
 0.00758659 0.00796421] [0.87940127 0.01132211 0.02871726 0.02403278 0.01308451 0.01664747
 0.01163492 0.01515972] [0.9442279  0.00501194 0.00839137 0.00968822 0.00537811 0.00783449
 0.00944411 0.01002388] [0.93800974 0.00511944 0.01074243 0.01414522 0.00772112 0.00941489
 0.00643936 0.00840779] [0.715722   0.03063544 0.10167061 0.04387825 0.0281486  0.03609734
 0.01672134 0.0271264 ] [0.8843651  0.01041516 0.02696496 0.022219   0.01140708 0.01506955
 0.01345959 0.01609962] [0.9288137  0.00671461 0.01304771 0.01270435 0.00739752 0.00861454
 0.01064418 0.01206341] [0.95548624 0.00436365 0.00661032 0.00710618 0.00485952 0.00646155
 0.00712526 0.00798731] [0.9060703  0.00814658 0.01806282 0.01989351 0.0095196  0.01325726
 0.01142657 0.0136234 ] [0.9483616  0.00402883 0.00883595 0.01129293 0.00582578 0.00663078
 0.00695888 0.00806529] [0.91703415 0.00685914 0.01593091 0.01609876 0.00907939 0.01195581
 0.01070453 0.0123373 ] [0.94780815 0.0049365  0.00770231 0.00834704 0.00534851 0.00712626
 0.00929313 0.0094381 ] [0.9166508  0.00719567 0.01842031 0.0170468  0.00904228 0.01207164
 0.00858444 0.01098809] [0.8902522  0.01008737 0.02234177 0.02287589 0.01101064 0.01523025
 0.01276563 0.01543627] [0.89901495 0.00952243 0.02231056 0.02232582 0.01329935 0.01430653
 0.00763015 0.0115902 ] [0.95166016 0.00484848 0.00782013 0.00797272 0.00556183 0.0050621
 0.00823212 0.00884247] [0.8846239  0.01061079 0.02868193 0.02067235 0.01231187 0.01534025
 0.01233475 0.01542416] [0.92372596 0.006572   0.01332708 0.01508927 0.00739207 0.01048163
 0.01119108 0.01222094] [0.94168615 0.0058085  0.0090846  0.00946598 0.00614412 0.00852015
 0.00936682 0.00992365] [0.9454892  0.00544078 0.00824892 0.00830233 0.00575745 0.00748584
 0.00957668 0.00969877] [0.94949335 0.00508766 0.00760861 0.00830654 0.00557202 0.00686872
 0.00826078 0.00880234] [0.8787923  0.01083996 0.03240547 0.02270213 0.01305983 0.01498219
 0.0116028  0.01561534] [0.02013018 0.02353354 0.8492831  0.02512076 0.01124787 0.02730318
 0.01111815 0.03226323] [0.90690434 0.00783682 0.01945852 0.01858861 0.0110036  0.01354466
 0.00979794 0.01286551] [0.8372746  0.01626339 0.0418027  0.03037561 0.01777378 0.02213713
 0.01466146 0.01971135] [0.9634157  0.00370612 0.00558493 0.00637079 0.00424211 0.00348867
 0.00646616 0.00672557] [0.94197357 0.00598576 0.00877454 0.00904922 0.00652368 0.00692426
 0.01012506 0.0106439 ] [0.9365627  0.00626781 0.01048323 0.01031537 0.00674467 0.00842321
 0.01027723 0.01092575] [0.95754874 0.00445189 0.00571459 0.00590533 0.00453963 0.00610752
 0.00793481 0.00779748] [0.9517037  0.00394458 0.00761448 0.00889628 0.004822   0.0071834
 0.00757252 0.00826301] [0.03369449 0.03787578 0.7656951  0.0572257  0.01383336 0.03601404
 0.0154662  0.04019533] [0.9165039  0.00700378 0.01599121 0.01716614 0.00789642 0.01103973
 0.01124573 0.01315308] [0.8630837  0.01393571 0.03176153 0.02677305 0.0148434  0.01862672
 0.01340178 0.0175741 ] [0.75427943 0.02349495 0.09361365 0.0408568  0.02084033 0.02500534
 0.01696518 0.02494431] [0.9432658  0.00539345 0.00846779 0.00950528 0.00562993 0.00765915
 0.00976466 0.01031392] [0.7706489  0.03323973 0.04599841 0.02821867 0.05176729 0.03137781
 0.01307918 0.02566998] [0.967683   0.00360074 0.00435216 0.00458865 0.00367893 0.00400887
 0.005958   0.00612965] [0.9507271  0.00458548 0.0077213  0.00833931 0.00550486 0.00678666
 0.00769841 0.00863687] [0.9655604  0.00305057 0.00458635 0.00557078 0.00387856 0.00521974
 0.00581497 0.00631863] [0.9366092  0.00527239 0.01230734 0.01300168 0.00697391 0.00725622
 0.00855333 0.01002594] [0.8976664  0.01004258 0.0219319  0.02048198 0.01114147 0.01342318
 0.01096595 0.01434655] [0.95499796 0.00499302 0.00638527 0.00656836 0.00510364 0.006103
 0.00762494 0.0082238 ] [0.9272426  0.00674054 0.01226802 0.01300807 0.0075073  0.00917813
 0.01142116 0.01263423] [0.9096749  0.01037606 0.01516735 0.01887527 0.01234445 0.01358806
 0.00801856 0.01195535] [0.9359709  0.00577505 0.01064227 0.01156537 0.00639299 0.00873506
 0.01008537 0.010833  ] [0.89055705 0.00971911 0.0230085  0.02219984 0.01116858 0.01503639
 0.01283929 0.01547123] [0.9338754  0.00624328 0.01100678 0.01173141 0.00713572 0.00911511
 0.00983974 0.01105255] [0.9163256  0.00761647 0.01529396 0.0157135  0.00816186 0.01109861
 0.01215889 0.01363108] [0.84291494 0.01581076 0.04013735 0.02878291 0.01550553 0.02092331
 0.01529187 0.02063335] [0.02597363 0.03081126 0.80722743 0.04178366 0.01246032 0.0319558
 0.01377274 0.03601514] [0.9275752  0.00829936 0.01128194 0.01540873 0.01223545 0.0101301
 0.00575539 0.00931389] [0.89473605 0.00902764 0.02318341 0.01993254 0.01081333 0.01468995
 0.01259138 0.01502572] [0.7367602  0.04360629 0.06200699 0.04098198 0.03506202 0.03475687
 0.01733266 0.02949299] [0.9229924  0.00649361 0.01400208 0.01554345 0.0082639  0.01089644
 0.01009523 0.01171291] [0.93514067 0.0058637  0.01023192 0.01231492 0.00592093 0.0088585
 0.01049897 0.01117041] [0.86475927 0.01567101 0.02887007 0.02349889 0.02107271 0.01886015
 0.01100175 0.01626612] [0.8872341  0.01003296 0.02644429 0.02252266 0.01116977 0.01448103
 0.01281777 0.0152974 ] [0.86756325 0.01231225 0.03301574 0.02569247 0.01281572 0.0165689
 0.01419646 0.01783521] [0.9482856  0.00415821 0.00843087 0.00973555 0.00544382 0.00719103
 0.00805701 0.00869791] [0.07354849 0.03216602 0.7133898  0.05688563 0.02580301 0.04190128
 0.01766995 0.03863584] [0.9202627  0.00707894 0.01540128 0.01522583 0.009314   0.01260937
 0.00860458 0.01150328] [0.94831455 0.00520364 0.00806489 0.00767957 0.00585982 0.00713021
 0.00883551 0.00891181] [0.78116655 0.03286392 0.04699205 0.03530507 0.03040752 0.03161284
 0.01602002 0.02563203] [0.919785   0.00738034 0.0147912  0.01459286 0.00804781 0.01045834
 0.01177803 0.01316638] [0.9666457  0.00311231 0.00454641 0.00540839 0.0038141  0.00452734
 0.00580888 0.00613689] [0.9452801  0.00547009 0.0081174  0.00845308 0.00556545 0.00766728
 0.00962034 0.00982632] [0.9288243  0.00593639 0.01300971 0.01402454 0.00743194 0.00976682
 0.00996521 0.01104108] [0.85697937 0.01366498 0.03955289 0.02253843 0.01625148 0.01942548
 0.01316904 0.01841834] [0.95301956 0.00447414 0.0070259  0.00803286 0.0053972  0.00684662
 0.00735392 0.00784978] [0.8691539  0.01362631 0.03234913 0.02291905 0.01535821 0.01739529
 0.01241321 0.01678493] [0.8762977  0.01092321 0.03304423 0.02355508 0.0117394  0.01572881
 0.01290647 0.01580509] [0.93040645 0.00594859 0.01366    0.01373632 0.00808153 0.00813495
 0.00887519 0.01115694] [0.5576257  0.02969406 0.24426642 0.04727245 0.02873274 0.03967346
 0.02017243 0.03256275] [0.94007766 0.00567709 0.01003411 0.01030118 0.00650882 0.00814174
 0.0093321  0.00992728] [0.8834963  0.01086666 0.02919652 0.01974924 0.01301863 0.01608632
 0.01204948 0.01553688] [0.9360066  0.00504669 0.01142086 0.01281699 0.00687769 0.00901767
 0.00884983 0.00996369] [0.9261317  0.0062628  0.01286125 0.014631   0.00696842 0.0100693
 0.01106098 0.01201451] [0.90230244 0.00804864 0.02281084 0.0215902  0.01130624 0.01254978
 0.00901753 0.01237431] [0.9362566  0.00596378 0.01188178 0.01214124 0.00679558 0.00715807
 0.00908113 0.01072184] [0.9386448  0.00630683 0.01044651 0.00994288 0.00718055 0.00885168
 0.00865328 0.00997341] [0.94708496 0.00430979 0.00801696 0.00984004 0.00511835 0.0077805
 0.00867297 0.00917641] [0.8812737  0.01185508 0.02818062 0.0242747  0.01323589 0.01571523
 0.01039036 0.01507442] [0.81214803 0.02276994 0.04468523 0.03714613 0.01925983 0.02284624
 0.01668066 0.02446394] [0.8888753  0.00974497 0.02289342 0.02251187 0.01192747 0.01567436
 0.01283558 0.015537  ] [0.92962015 0.0067439  0.01189336 0.01231295 0.00689266 0.00947502
 0.01106945 0.01199254] [0.04198418 0.04289953 0.71470743 0.08390734 0.01556863 0.04271646
 0.01705607 0.04116036] [0.87998354 0.01255179 0.02606499 0.02569874 0.01291804 0.01565731
 0.01116308 0.01596252] [0.9269629  0.00577673 0.01449906 0.01736834 0.00850866 0.00934045
 0.00770739 0.00983647] [0.95353687 0.00489768 0.00614117 0.00686591 0.00493582 0.00651117
 0.00843743 0.00867393] [0.8635587  0.01322614 0.0325238  0.0284507  0.01313461 0.0186722
 0.01296681 0.01746705] [0.95911974 0.00428069 0.00573811 0.00604715 0.00446764 0.00563892
 0.00710015 0.00760758] [0.91367877 0.00823306 0.02170048 0.01646612 0.00924025 0.00851538
 0.00950731 0.01265861] [0.9510449  0.00415365 0.00751395 0.00925322 0.00535512 0.00705625
 0.00747581 0.00814711] [0.9294712  0.00747125 0.01367632 0.01038119 0.01154822 0.00826834
 0.00839801 0.01078545] [0.9383799  0.00638515 0.01384593 0.00891784 0.00695729 0.00672462
 0.00862796 0.01016131] [0.8483193  0.01531535 0.04517532 0.02307604 0.01791751 0.01997787
 0.01251478 0.01770384] [0.8738501  0.0113808  0.03069459 0.02517201 0.01182322 0.01582023
 0.01371493 0.01754413] [0.5235573  0.07197692 0.14261077 0.04325331 0.08125639 0.06605516
 0.02388547 0.04740465] [0.9133791  0.00787948 0.01765065 0.01771167 0.00898551 0.01152555
 0.01042715 0.01244088] [0.08315272 0.05952563 0.5558167  0.15702555 0.01613297 0.05284044
 0.02278763 0.05271834] [0.95816135 0.00393358 0.00625711 0.00689426 0.00460508 0.00552838
 0.00704306 0.0075772 ] [0.8894856  0.00968756 0.02788796 0.02088546 0.01104534 0.01360835
 0.0124794  0.01492036] [0.8675368  0.01151091 0.03472344 0.02920064 0.01447827 0.01720916
 0.01006156 0.01527923] [0.9234913  0.00665011 0.01709265 0.01736735 0.00876761 0.00744751
 0.00827925 0.01090419] [0.84716153 0.01453389 0.0402829  0.02847268 0.0158385  0.0220793
 0.01293935 0.01869187] [0.9181754  0.00719995 0.01475857 0.01555984 0.00794399 0.01119484
 0.012019   0.01314841] [0.9539778  0.004619   0.00707153 0.00768562 0.00508433 0.00593871
 0.00750635 0.00811662] [0.85970587 0.01658327 0.02848294 0.02442485 0.01961921 0.02245682
 0.01164032 0.01708671] [0.03232256 0.04306622 0.7330108  0.07807469 0.01350588 0.041357
 0.01687854 0.0417843 ] [0.8691937  0.01242141 0.03143502 0.02566685 0.01260453 0.01689251
 0.01414576 0.01764024] [0.91206765 0.00790369 0.01760784 0.01667709 0.0090099  0.01155037
 0.01182502 0.01335846] [0.94119084 0.00523638 0.01016766 0.01075498 0.00670852 0.0083599
 0.00813107 0.00945066] [0.7323213  0.02613472 0.10435579 0.03435807 0.02822488 0.03139828
 0.01740789 0.02579907] [0.8539713  0.01372476 0.03860326 0.02599999 0.01548708 0.0194237
 0.01364084 0.01914905] [0.95098686 0.00410382 0.00809321 0.00900093 0.00537386 0.00712447
 0.00712447 0.00819238] [0.84798276 0.01996995 0.03098469 0.02797928 0.02013776 0.02248717
 0.011358   0.01910036] [0.9305043  0.00669746 0.01212865 0.01186167 0.00737254 0.00910793
 0.0107556  0.0115718 ] [0.9268179  0.00669904 0.01421448 0.01287925 0.00780156 0.00924743
 0.01025457 0.01208575] [0.01640708 0.0220389  0.8590899  0.02249678 0.00999687 0.0258545
 0.01075236 0.0333636 ] [0.9364591  0.00519145 0.01132124 0.01375485 0.00695753 0.00881135
 0.00764794 0.0098565 ] [0.93583167 0.00602591 0.01195266 0.01157128 0.00751713 0.00825321
 0.00851255 0.01033558] [0.9516928  0.0044519  0.00718332 0.00817136 0.00497454 0.00621436
 0.00837736 0.00893433] [0.9203505  0.00763271 0.01670729 0.01389223 0.00832313 0.01041345
 0.01015407 0.01252665] [0.9082932  0.00788958 0.01860231 0.01968579 0.01020914 0.01330698
 0.00949191 0.01252108] [0.9200377  0.00657355 0.01490208 0.01654261 0.00839339 0.01108691
 0.01032387 0.01213989] [0.918415   0.00718656 0.01427394 0.01682967 0.00789606 0.0109782
 0.01151223 0.01290835] [0.87539476 0.0118777  0.0278138  0.02534214 0.01203027 0.01627939
 0.01370093 0.01756099] [0.25170898 0.05429077 0.42211914 0.12585449 0.02764893 0.04736328
 0.02374268 0.04727173] [0.85774654 0.01832231 0.02846747 0.02526374 0.02048865 0.02210577
 0.01103763 0.01656788] [0.9387965  0.00471793 0.01082417 0.01397455 0.00687285 0.00848999
 0.00746784 0.00885614] [0.79888296 0.02964986 0.0428191  0.03405996 0.02728459 0.02910051
 0.01468759 0.02351541] [0.9437901  0.0046689  0.00978029 0.01159597 0.00647315 0.00722841
 0.00733903 0.0091242 ] [0.9468929  0.00532978 0.00825601 0.00791265 0.0059135  0.00746627
 0.00910298 0.00912587] [0.91709715 0.00687487 0.01538262 0.01695446 0.00851538 0.01174298
 0.01107152 0.01236103] [0.80029297 0.01832581 0.07324219 0.03071594 0.01647949 0.02342224
 0.01515198 0.02236938] [0.01932146 0.02400684 0.8488012  0.0253804  0.010813   0.02716603
 0.01114876 0.03336233] [0.8903269  0.01465157 0.01810079 0.02112268 0.01750557 0.01605568
 0.00887488 0.01336192] [0.9303035  0.00577624 0.01174325 0.01449021 0.00678346 0.00944649
 0.0101256  0.01133121] [0.9176205  0.00825626 0.01565791 0.01407075 0.00886671 0.0114611
 0.01137716 0.01268962] [0.9481409  0.00495476 0.00792609 0.00846772 0.00660254 0.00711746
 0.00784981 0.0089407 ] [0.93336946 0.00571304 0.0109303  0.01273803 0.00625079 0.00903103
 0.01057943 0.01138795] [0.8689815  0.01284555 0.02982547 0.02727772 0.01248703 0.01661378
 0.01390584 0.0180631 ] [0.9366342  0.00590585 0.0098736  0.01136151 0.0060699  0.0085383
 0.01052981 0.01108682] [0.93965745 0.0062422  0.0113779  0.00877571 0.00684124 0.00798208
 0.00887492 0.01024851] [0.91898036 0.00730161 0.01407677 0.01594604 0.00800354 0.01068156
 0.01186416 0.01314595] [0.9517037  0.00480292 0.0072597  0.00740467 0.00529504 0.00621443
 0.00860635 0.00871317] [0.9292524  0.00633657 0.01180335 0.01302412 0.00674477 0.00949151
 0.01119296 0.01215432] [0.905156   0.00806322 0.01856754 0.01910153 0.01025258 0.01348702
 0.011763   0.01360907] [0.9481156  0.00407737 0.00861244 0.01106877 0.00558397 0.00648793
 0.00750251 0.00855141] [0.91802126 0.00757261 0.01472557 0.01576323 0.00834704 0.01109377
 0.0116126  0.01286389] [0.7603815  0.03177413 0.06415872 0.04074781 0.02721099 0.03180465
 0.01700114 0.02692102] [0.8837486  0.0103221  0.02612185 0.02551153 0.01103923 0.01586841
 0.01199286 0.01539541] [0.94810474 0.00549618 0.0077656  0.0081165  0.00568689 0.00704091
 0.00840637 0.0093828 ] [0.9059345  0.00811922 0.01842087 0.01881768 0.00927911 0.01285035
 0.01228567 0.01429258] [0.90428996 0.0082168  0.02333051 0.02079757 0.01018516 0.01103202
 0.00926201 0.01288595] [0.92086685 0.00686622 0.01415967 0.01573127 0.0075948  0.01063501
 0.01146659 0.01267962] [0.88664436 0.01031408 0.02526643 0.02212339 0.01085572 0.01510493
 0.01348764 0.01620347] [0.9258978  0.00658881 0.01362781 0.0135744  0.00727936 0.0095761
 0.01107165 0.01238407] [0.89567864 0.01346082 0.01658947 0.02057277 0.01359054 0.01613162
 0.00949278 0.01448335] [0.90181416 0.00863608 0.02154442 0.01869116 0.00962786 0.01248112
 0.01225225 0.01495293] [0.01846299 0.02037033 0.8627864  0.02110275 0.01118461 0.02542095
 0.0105056  0.0301664 ] [0.9270551  0.00700234 0.01646084 0.01125104 0.008116   0.00919153
 0.00955766 0.01136546] [0.95782876 0.00434794 0.00600321 0.00614433 0.0048819  0.00582395
 0.00752881 0.00744108] [0.92692757 0.00670747 0.01320127 0.01278158 0.00783682 0.0094164
 0.0110036  0.01212533] [0.03698674 0.01991242 0.8349482  0.02177396 0.01824923 0.02775531
 0.011154   0.02922014] [0.9417113  0.00473312 0.00938233 0.01107573 0.00567517 0.00829917
 0.00929079 0.00983238] [0.80972475 0.02480026 0.04651766 0.03168329 0.02594489 0.02866147
 0.01256801 0.02009966] [0.88868546 0.00973526 0.02383459 0.02395666 0.01187152 0.0153048
 0.01165789 0.01495384] [0.920909   0.00632866 0.01631183 0.01879904 0.00910197 0.01010143
 0.00809488 0.01035321] [0.89841694 0.00934579 0.02049208 0.01985123 0.01091741 0.01407591
 0.01233645 0.01456418] [0.88150233 0.01126296 0.02744012 0.02304482 0.01143084 0.01562011
 0.01338431 0.01631451] [0.8776088  0.01140049 0.03063023 0.0240677  0.01330057 0.01704732
 0.01097316 0.01497173] [0.83115613 0.01802283 0.04929191 0.02337932 0.0220669  0.02247894
 0.01390245 0.0197015 ] [0.73695135 0.0437397  0.05649838 0.03269031 0.04917282 0.03903913
 0.01500214 0.02690617] [0.82603323 0.01754466 0.04647047 0.03191603 0.01740736 0.02357087
 0.01563763 0.02141974] [0.8872476  0.01129965 0.024934   0.02230937 0.01245174 0.01541971
 0.01080372 0.01553416] [0.96058846 0.00367409 0.00589838 0.00695902 0.00431123 0.00536043
 0.00629135 0.00691705] [0.92841744 0.00614677 0.01575037 0.01510937 0.00796676 0.0076081
 0.00816516 0.01083601] [0.9331019  0.00558088 0.01155086 0.01322932 0.00679776 0.00962063
 0.00959774 0.0105209 ] [0.93928117 0.0053396  0.00980198 0.01154879 0.00621682 0.00862727
 0.00901629 0.01016812] [0.50774276 0.04061332 0.23470898 0.09965672 0.02264093 0.03576169
 0.0208559  0.03801968] [0.9167824  0.00782597 0.01932846 0.01316532 0.00982441 0.01055667
 0.00999222 0.0125246 ] [0.9142578  0.00763866 0.01669668 0.0160862  0.00897408 0.01130155
 0.0118052  0.01323983] [0.9265634  0.00640353 0.01268502 0.01406565 0.00708622 0.00987799
 0.01122811 0.01209005] [0.05099176 0.05837657 0.6068966  0.15257858 0.01499847 0.04732988
 0.02052182 0.04830638] [0.10308838 0.05166626 0.58691406 0.12976074 0.01789856 0.04205322
 0.02131653 0.04730225] [0.9634157  0.00384536 0.00507374 0.00557349 0.0040857  0.00477237
 0.00643564 0.00679805] [0.88808876 0.0100621  0.02424363 0.02201608 0.01066475 0.0150283
 0.01341867 0.01647773] [0.9419161  0.00470744 0.0097277  0.01089502 0.00610366 0.00786609
 0.00907156 0.00971244] [0.949226   0.00458912 0.00808722 0.00871283 0.00542836 0.00654607
 0.00852973 0.00888068] [0.92338914 0.00687445 0.01559532 0.01474078 0.00823256 0.00976615
 0.00976615 0.01163545] [0.8071104  0.018539   0.06371924 0.03533855 0.01713523 0.02143811
 0.01531184 0.02140759] [0.9353542  0.00623193 0.00980938 0.0112129  0.00633109 0.00882539
 0.01091542 0.01131969] [0.8717949  0.01186661 0.03070818 0.02400794 0.01263736 0.01655983
 0.01421703 0.01820818] [0.88560706 0.01045068 0.02392213 0.02387636 0.01141183 0.01552345
 0.01306716 0.01614134] [0.7506486  0.04200116 0.04630506 0.02954733 0.04682397 0.03586582
 0.01739874 0.0314093 ] [0.89006203 0.0096046  0.02430521 0.02207761 0.01212209 0.01600513
 0.01118375 0.01463958] [0.9231955  0.0064115  0.01492076 0.01495127 0.00839865 0.01061083
 0.00947423 0.0120373 ] [0.60790086 0.07446176 0.06408594 0.02986099 0.11279125 0.05410684
 0.01916475 0.0376276 ] [0.91686976 0.00752539 0.01601959 0.01545509 0.00843698 0.01055004
 0.01166379 0.01347934] [0.9582308  0.00435358 0.00578824 0.00586455 0.00449094 0.00586455
 0.00771511 0.00769222] [0.9042762  0.0089033  0.02244516 0.01521266 0.01274843 0.01240511
 0.01061224 0.01339691] [0.8386944  0.01646084 0.04128178 0.02936712 0.01693377 0.0218766
 0.01445473 0.02093075] [0.93492305 0.0058242  0.01052704 0.0118391  0.00644972 0.00874965
 0.01058806 0.01109916] [0.9004662  0.00858379 0.02028063 0.02009751 0.01036159 0.01390192
 0.01218517 0.01412319] [0.92981875 0.00660036 0.01550512 0.01280393 0.00864532 0.00701622
 0.00880556 0.01080475] [0.03464009 0.03964536 0.75103384 0.06696068 0.01338298 0.03723429
 0.01657231 0.04053044] [0.11686093 0.05281626 0.5457985  0.1435284  0.01859706 0.04900226
 0.02231952 0.05107707] [0.89845806 0.00934622 0.02092028 0.02105761 0.01025414 0.01356537
 0.01197842 0.01441989] [0.9154156  0.0082006  0.0168589  0.01402112 0.01174783 0.01132064
 0.00977969 0.01265562] [0.06300414 0.06886499 0.5367562  0.18779142 0.01473607 0.05088561
 0.02310762 0.0548539 ] [0.8954805  0.00918551 0.02348256 0.01988159 0.01024596 0.01325948
 0.01282462 0.01563978] [0.03215817 0.02366097 0.8259828  0.02820705 0.01600281 0.02912236
 0.01267715 0.03218868] [0.9109452  0.00798633 0.01763553 0.01714735 0.00859656 0.0115409
 0.01215875 0.01398943] [0.93351895 0.00625179 0.01087102 0.01163389 0.00676673 0.00900959
 0.01071081 0.0112372 ] [0.9268639  0.00631786 0.01421519 0.01545892 0.00811097 0.01012537
 0.00836277 0.01054503] [0.93093216 0.00623556 0.01131172 0.01307369 0.0067466  0.00931329
 0.01088457 0.01150241] [0.01986785 0.02410999 0.84671843 0.02627684 0.01083424 0.02760441
 0.01150565 0.03308257] [0.95655024 0.0044823  0.00628285 0.00635152 0.00508884 0.00555806
 0.00780493 0.00788123] [0.9125002  0.00829227 0.02262637 0.0167371  0.00976458 0.00814732
 0.00942892 0.01250324] [0.02351343 0.02888445 0.8203     0.03771915 0.01170331 0.03002884
 0.01300029 0.03485054] [0.04135889 0.06089372 0.6109517  0.15530187 0.0129113  0.04792137
 0.02075575 0.04990538] [0.9440313  0.00542937 0.00800479 0.00926389 0.00583381 0.00730657
 0.00977516 0.0103551 ] [0.87908065 0.01120217 0.02577721 0.02344215 0.01306412 0.0173069
 0.01314042 0.0169864 ] [0.04018797 0.02840926 0.7914314  0.0394251  0.01855299 0.03417656
 0.01452504 0.03329163] [0.92479765 0.00679011 0.01463307 0.01547992 0.00822442 0.01025383
 0.00860589 0.01121512] [0.95599633 0.00484437 0.00566829 0.00651511 0.00468416 0.00625954
 0.00773955 0.00829265] [0.9362877  0.00572061 0.01115899 0.0118531  0.00699439 0.00898516
 0.00892414 0.01007589] [0.03879347 0.0524368  0.66855395 0.11836433 0.01302526 0.04498943
 0.01808429 0.04575248] [0.74255115 0.03133629 0.07524372 0.05284758 0.02285383 0.03031413
 0.01659878 0.02825454] [0.88116616 0.01045775 0.02746016 0.02259361 0.01167057 0.01636931
 0.01363855 0.01664391] [0.9281306  0.00642713 0.01267117 0.01772895 0.00890262 0.00982569
 0.00676279 0.00955105] [0.93653774 0.00561151 0.01138323 0.01229877 0.00723659 0.00857557
 0.00859846 0.00975814] [0.90117466 0.008955   0.02195271 0.01685736 0.011045   0.01384439
 0.01172388 0.01444699] [0.9543382  0.00460548 0.00704368 0.00710473 0.0051473  0.00511678
 0.00823416 0.00840968] [0.8770535  0.01099522 0.02937653 0.02402008 0.01194137 0.01570309
 0.01395576 0.01695446] [0.8831862  0.01153415 0.02726392 0.02312932 0.01317426 0.0155238
 0.01087811 0.01531021] [0.8887668  0.00971326 0.02426407 0.02228021 0.01214729 0.01605396
 0.01186498 0.01490943] [0.93641984 0.00557647 0.011008   0.01158014 0.00676271 0.00894829
 0.009406   0.01029854] [0.91954935 0.00659644 0.01576431 0.01783977 0.00936245 0.01098008
 0.0086223  0.01128529] [0.9027976  0.00913967 0.02163614 0.0166467  0.01218368 0.01356455
 0.01052053 0.01351114] [0.9069078  0.00770331 0.01877182 0.01974856 0.0096072  0.01330052
 0.01089681 0.01306397] [0.91319394 0.00779435 0.0158405  0.01721395 0.00847726 0.01156753
 0.01186511 0.01404738] [0.8526627  0.0158867  0.03790833 0.02098388 0.02127384 0.02025135
 0.01272004 0.0183132 ] [0.90564424 0.00830733 0.01855228 0.01864382 0.00942108 0.01299117
 0.0118164  0.01462365] [0.95264214 0.0038624  0.00720219 0.00930029 0.00497058 0.00690846
 0.00711827 0.00799565] [0.89460635 0.01015558 0.02437033 0.01715232 0.01512273 0.01455811
 0.01033107 0.01370354]",0 2 4 0 0 0 0 0 0 0 0 0 2 0 0 0 0 2 0 0 0 2 0 0 0 0 0 0 0 0 0 0 1 0 0 2 0 0 0 0 0 0 3 0 0 0 0 0 0 0 0 0 0 0 0 0 1 0 0 0 0 0 0 0 0 3 0 0 0 0 0 0 0 0 0 0 0 0 0 0 0 0 0 0 2 0 0 3 0 2 0 0 4 0 0 0 5 0 0 0 7 0 0 0 0 0 0 3 0 0 0 0 0 0 0 2 0 0 0 0 0 0 0 2 0 0 0 0 0 0 0 0 0 0 0 0 0 0 0 0 0 0 2 0 0 0 0 0 0 0 0 0 7 0 0 0 0 0 0 3 4 0 0 0 0 0 0 0 0 0 0 0 0 0 0 3 0 0 5 0 3 0 0 0 0 0 0 0 1 0 0 0 2 0 7 0 0 0 0 0 6 2 0 0 0 0 3 0 0 0 0 2 0 0 0 0 0 0 0 4 3 0 0 0 0 0 0 0 2 7 0 0 0 0 1 0 0 0 0 0 0 0 0 0 0 0 0 0 0 0 0 0 6 2 0 0 0 2 0 0 0 0 0 0 0 7 0 0 0 0 0 0 0 0 0 0 0 3 0 0 0 0 0 0 0 0 4 0 0 0 0 0 0 0 0 0 0 0 0 2 0 0 0 1 0 2 0 0 0 0 2 0 0 2 3 0 0 2 0 7 0 2 5 0 0 0 0 0 0 0 0 0 0 0 0 0 0 0 0 0
46980,1,wide-v2-1.5k,0.5,17,0,0.8852941176470588,0.7794625687831467,"[0.9316584  0.00680936 0.01029225 0.01131461 0.00843827 0.00876634
 0.01139853 0.01132224] [0.94189095 0.00582884 0.00780484 0.00965878 0.00698468 0.00856015
 0.00936886 0.00990292] [0.48110574 0.08341851 0.18209279 0.04900151 0.07029855 0.05723962
 0.02189202 0.05495126] [0.9305611  0.00715177 0.01066471 0.01125211 0.00883386 0.00880335
 0.01210651 0.01062657] [0.9204488  0.00645092 0.01270347 0.01719738 0.00977366 0.01120805
 0.01127672 0.01094101] [0.9508142  0.00407466 0.00655455 0.00836296 0.00662322 0.00719551
 0.0082714  0.00810353] [0.9033134  0.01001732 0.01649462 0.01881394 0.01140586 0.01148215
 0.01444233 0.01403035] [0.85624933 0.01578923 0.02890879 0.03035804 0.01649098 0.01711644
 0.01742155 0.01766563] [0.9209687  0.00774443 0.0116586  0.01549648 0.00900337 0.01167386
 0.0115823  0.01187224] [0.04413212 0.0563707  0.5996597  0.15919305 0.01657244 0.05402065
 0.01285661 0.05719474] [0.8907337  0.01054511 0.01889269 0.02319619 0.01267397 0.01520724
 0.01455866 0.01419241] [0.03961514 0.04135479 0.70171905 0.10157102 0.01533637 0.04300288
 0.01021662 0.04718414] [0.8292028  0.0188469  0.04227201 0.03120803 0.01999145 0.02015932
 0.01698511 0.02133439] [0.0109561  0.01263461 0.9048093  0.01738022 0.00801108 0.02044732
 0.00294884 0.0228125 ] [0.9517836  0.00541757 0.00569227 0.00651635 0.00656595 0.00649727
 0.00891229 0.0086147 ] [0.03661244 0.05812224 0.5950741  0.16890536 0.01534671 0.05778662
 0.01228805 0.05586447] [0.9048887  0.00967518 0.01565731 0.02047964 0.01073579 0.0126815
 0.01257468 0.01330719] [0.8758429  0.01378421 0.02489854 0.02264059 0.01583621 0.01608031
 0.01369267 0.01722454] [0.90407616 0.01003783 0.01629241 0.01818404 0.01176166 0.01157097
 0.01446943 0.01360752] [0.93154466 0.00549641 0.01034439 0.01340347 0.0090933  0.01022996
 0.00997822 0.00990956] [0.9628245  0.00344444 0.00406619 0.00493588 0.00482145 0.00646165
 0.00708341 0.00636248] [0.9234949  0.00817245 0.01185807 0.01306372 0.00962228 0.00924075
 0.01293399 0.01161389] [0.9102396  0.00923241 0.01549672 0.01619106 0.01151381 0.01259728
 0.01131543 0.0134137 ] [0.84148836 0.01778029 0.03269131 0.03299655 0.01868075 0.01837551
 0.01848234 0.0195049 ] [0.90303874 0.01049282 0.01622381 0.01710902 0.01320187 0.01419392
 0.01156118 0.01417866] [0.9440746  0.00573868 0.00795174 0.00778004 0.00761597 0.00764649
 0.01059214 0.00860039] [0.9244257  0.00711525 0.01220847 0.01427629 0.00962943 0.00918688
 0.01216269 0.01099526] [0.91738945 0.00820841 0.01339589 0.0151047  0.01016897 0.01047412
 0.01308311 0.01217531] [0.75       0.04205322 0.04647827 0.03369141 0.03842163 0.03359985
 0.02209473 0.03366089] [0.8352963  0.02183133 0.0374077  0.02587417 0.02178556 0.02135839
 0.01481357 0.021633  ] [0.6728618  0.03356985 0.13037309 0.04864576 0.03033494 0.03068589
 0.01943999 0.03408866] [0.79890126 0.02459942 0.04700137 0.04123302 0.02218831 0.02209675
 0.01942622 0.02455364] [0.9481192  0.00549627 0.00659857 0.00718977 0.00664053 0.00707535
 0.00958128 0.00929903] [0.9163431  0.00899348 0.01336435 0.01502727 0.01036653 0.00955795
 0.01363134 0.01271597] [0.9377182  0.00668872 0.00865375 0.00934055 0.00806615 0.00802799
 0.01121019 0.01029445] [0.91875607 0.00877962 0.01297493 0.0135699  0.01086202 0.00880251
 0.01367669 0.01257828] [0.84087163 0.02322529 0.02949704 0.02385094 0.02382042 0.02052432
 0.01587011 0.02234023] [0.8647263  0.01690635 0.02589357 0.02302499 0.01881366 0.01739462
 0.01421324 0.01902727] [0.90570647 0.00994049 0.01594446 0.01704303 0.01209948 0.01190113
 0.0133964  0.01396857] [0.93962157 0.00636787 0.00818018 0.00924848 0.00772996 0.00849304
 0.01056098 0.0097979 ] [0.92502344 0.00740226 0.01211071 0.01332407 0.00895903 0.00935585
 0.0124007  0.01142391] [0.9199429  0.00831623 0.0131839  0.01442752 0.00978111 0.00899526
 0.01327545 0.01207761] [0.1488128  0.05694928 0.43630594 0.19044131 0.02411036 0.07306354
 0.01785387 0.05246292] [0.8722766  0.01226334 0.02304622 0.02860174 0.01468243 0.0181012
 0.01530819 0.01572027] [0.924653   0.00757093 0.01209824 0.01325008 0.00903172 0.0092148
 0.01258644 0.01159478] [0.9339609  0.00657568 0.01004661 0.01086285 0.00828445 0.00826919
 0.01150363 0.01049669] [0.76566005 0.02848946 0.06329636 0.0463278  0.02502556 0.02415577
 0.01957792 0.02746708] [0.93666995 0.00658901 0.00917197 0.00979767 0.00813421 0.00834786
 0.01143825 0.00985109] [0.9493274  0.00437977 0.00689013 0.00844671 0.00645902 0.00731361
 0.00865272 0.00853064] [0.90204126 0.00865352 0.01666603 0.02138197 0.01169827 0.01331604
 0.01346102 0.01278187] [0.8876818  0.01148206 0.02021759 0.02365076 0.01287059 0.01358774
 0.01573157 0.01477791] [0.8990355  0.00831706 0.01721402 0.02289098 0.01188805 0.01544378
 0.0126053  0.0126053 ] [0.8994484  0.01178786 0.01745672 0.01599182 0.01405388 0.01422936
 0.01154371 0.01548826] [0.01624937 0.01981965 0.8637036  0.03231565 0.00885705 0.02683816
 0.00434079 0.02787568] [0.9012709  0.00945944 0.01621836 0.021299   0.0113971  0.01412813
 0.0131059  0.01312116] [0.94249785 0.00527637 0.00864516 0.00968288 0.00763033 0.00716106
 0.01003388 0.00907246] [0.01084114 0.01389284 0.89890695 0.01914938 0.00780089 0.02188065
 0.00312989 0.02439829] [0.9278441  0.00703132 0.01104104 0.01275786 0.00882825 0.0095455
 0.01175066 0.01120128] [0.87487316 0.01293758 0.02402911 0.02026073 0.01923854 0.01907072
 0.012457   0.01713314] [0.8826576  0.01118273 0.02126702 0.02567604 0.01322705 0.01577482
 0.01521034 0.01500439] [0.90565807 0.00953565 0.01547827 0.0200325  0.0108325  0.01259469
 0.01247263 0.01339568] [0.8771472  0.01143899 0.02042078 0.02796029 0.01460589 0.01955083
 0.01307968 0.01579634] [0.96218944 0.00379478 0.00393971 0.00504954 0.00515252 0.0065255
 0.00645685 0.00689163] [0.88996017 0.01187661 0.02120551 0.0190697  0.01465316 0.01588125
 0.01157912 0.01577446] [0.91644096 0.0090097  0.0133963  0.01338104 0.01116867 0.01131362
 0.01209176 0.01319795] [0.8691207  0.01417509 0.0244898  0.02740416 0.01528133 0.01588404
 0.01690635 0.01673851] [0.8496742  0.01418413 0.02804779 0.03631869 0.01623659 0.02350033
 0.01430621 0.01773207] [0.9556029  0.00455874 0.00531789 0.00613045 0.00559256 0.00671412
 0.00807221 0.00801117] [0.97165745 0.00259393 0.00264543 0.00364295 0.00369445 0.00529849
 0.00544726 0.00502003] [0.93549335 0.00674781 0.00954383 0.00991765 0.00843    0.00830794
 0.01170282 0.00985661] [0.80898327 0.02166484 0.04985964 0.02962895 0.02729464 0.02496033
 0.01391432 0.02369401] [0.662719   0.04938648 0.09981076 0.05884867 0.03165253 0.03476589
 0.02417435 0.03864233] [0.9034444  0.00898866 0.01616128 0.02063272 0.01139988 0.01249103
 0.01382636 0.01305569] [0.91535276 0.00846701 0.01379132 0.01624751 0.01029772 0.01031297
 0.01334127 0.01218945] [0.01704238 0.02334363 0.8402487  0.04259831 0.0097494  0.03025518
 0.00542396 0.03133845] [0.9405732  0.00598999 0.00876751 0.00895828 0.00765345 0.00765345
 0.01088881 0.00951531] [0.94788045 0.00550534 0.00695894 0.00706195 0.00687119 0.00676818
 0.01015608 0.00879787] [0.9529542  0.00475226 0.00631982 0.00602996 0.00635033 0.00633126
 0.0093901  0.00787212] [0.93200445 0.00693801 0.01009234 0.01100775 0.00856667 0.00878789
 0.01177821 0.01082467] [0.94265175 0.00525543 0.00811579 0.0096947  0.00756278 0.00801663
 0.00959555 0.00910738] [0.95839006 0.00452373 0.0051569  0.00500051 0.00578626 0.00556503
 0.00844481 0.00713269] [0.88148886 0.01200296 0.02118259 0.02556257 0.01332306 0.01536043
 0.01567329 0.01540622] [0.95295775 0.00423357 0.00582402 0.00833747 0.00578969 0.00731912
 0.00771196 0.00782639] [0.06701507 0.04748426 0.58299446 0.15417127 0.02177379 0.0661606
 0.0129773  0.04742323] [0.89001447 0.0127546  0.022229   0.01627889 0.01466931 0.01435655
 0.01291479 0.01678236] [0.9211759  0.00787936 0.01284496 0.01425608 0.00947354 0.00944303
 0.01297463 0.01195253] [0.01567018 0.02102581 0.85738915 0.03423942 0.00929225 0.02879224
 0.00412735 0.0294636 ] [0.91874206 0.00890916 0.01270013 0.01381378 0.01041182 0.01022113
 0.01257809 0.01262385] [0.8910453  0.01052776 0.01914832 0.02279489 0.01258754 0.01470072
 0.0149601  0.01423536] [0.93988407 0.00682789 0.00779677 0.00833842 0.00787305 0.00876564
