dataset_id,fold,checkpoint,sparsity,features,features_added,accuracy,roc_auc_score,prediction_probas,ground_truth
46980,0,wide-v2-1.5k,0.25,17,0,0.8911764705882353,0.7756613430941949,"[0.84818983 0.01424484 0.04379506 0.02894747 0.01431351 0.0208904
 0.01242132 0.01719757] [0.05369271 0.04184918 0.703286   0.084492   0.01744479 0.03919354
 0.01834526 0.04169656] [0.84231085 0.01532029 0.04159673 0.0299997  0.01464888 0.01973022
 0.01586962 0.0205237 ] [0.9486726  0.00502746 0.00810192 0.00864358 0.00551572 0.00718645
 0.0079112  0.0089411 ] [0.96369994 0.00395134 0.00484383 0.00516039 0.00385408 0.00531295
 0.00636181 0.00681568] [0.95251316 0.00469528 0.00810899 0.00764366 0.00533226 0.00582047
 0.00753305 0.0083531 ] [0.8876953  0.01034546 0.02334595 0.02218628 0.01141357 0.01547241
 0.01315308 0.01638794] [0.95665246 0.00450186 0.00719153 0.00681001 0.00485667 0.00505887
 0.00698551 0.00794311] [0.84795046 0.01586551 0.03719242 0.02967155 0.01520953 0.02035057
 0.01438575 0.01937423] [0.92475176 0.00687751 0.01312944 0.01431955 0.00684318 0.01005497
 0.01136715 0.01265644] [0.91561466 0.00774076 0.01678627 0.01797657 0.00913326 0.01133836
 0.00912563 0.0122845 ] [0.9486038  0.0050271  0.0080098  0.00822339 0.00540089 0.00683121
 0.0088718  0.009032  ] [0.03696158 0.02920911 0.7916066  0.039678   0.01756514 0.0345809
 0.01447484 0.03592385] [0.8800171  0.01064463 0.02977444 0.02238806 0.01132375 0.0153069
 0.01359003 0.0169551 ] [0.8069258  0.02841997 0.03865604 0.03282865 0.02602494 0.0288166
 0.01416422 0.02416384] [0.9185166  0.00732088 0.01545053 0.01612959 0.00961366 0.01194078
 0.00894223 0.01208575] [0.88970953 0.01007912 0.0242021  0.02011246 0.01078107 0.01519117
 0.01327606 0.01664848] [0.02808415 0.04213385 0.73857796 0.07908105 0.01243269 0.03902186
 0.01725321 0.04341525] [0.78383493 0.02125939 0.07020328 0.03650571 0.01945852 0.02539527
 0.01782553 0.02551737] [0.93098897 0.00643808 0.01178535 0.01209047 0.00710172 0.00858919
 0.01090812 0.0120981 ] [0.9013947  0.00888852 0.0205237  0.01825007 0.01015503 0.01341289
 0.01252022 0.01485488] [0.8862034  0.01014679 0.02369618 0.02287223 0.01213037 0.01596021
 0.01316793 0.01582288] [0.95617324 0.00386286 0.00794318 0.00686731 0.00574183 0.00482619
 0.00668036 0.00790503] [0.92538476 0.00651615 0.01395555 0.01500088 0.00750044 0.01038464
 0.00967503 0.01158257] [0.9415284  0.00488345 0.01043837 0.01133112 0.00681393 0.00867575
 0.00746252 0.00886651] [0.95049506 0.00488184 0.00758974 0.00794825 0.00526705 0.00692993
 0.00829913 0.00858899] [0.94863635 0.00523706 0.00875768 0.00846016 0.00575581 0.00595797
 0.00800244 0.00919251] [0.9252753  0.00658404 0.01388523 0.01438113 0.00761018 0.01037578
 0.01042155 0.01146676] [0.9264533  0.00653206 0.01551364 0.01259863 0.00835584 0.00806587
 0.01053828 0.01194237] [0.9252189  0.00694601 0.0128545  0.01380047 0.00711766 0.01008525
 0.01147369 0.01250358] [0.90157354 0.0089437  0.02161139 0.01816212 0.0098518  0.01300346
 0.01247692 0.01437707] [0.9601844  0.00438029 0.00529603 0.005483   0.00421241 0.00572719
 0.0072458  0.00747092] [0.88292027 0.01060615 0.02720974 0.02260103 0.01098767 0.01510805
 0.01374985 0.01681724] [0.8817956  0.01101634 0.02595401 0.02311601 0.01129862 0.01571583
 0.01370939 0.01739422] [0.95785433 0.00426415 0.0057402  0.00649157 0.00445104 0.00596142
 0.00731923 0.00791804] [0.66202855 0.06340779 0.06572684 0.03176492 0.08055657 0.04818137
 0.01824728 0.03008666] [0.7924321  0.02955447 0.04629234 0.03643576 0.02732682 0.03021056
 0.01460177 0.02314617] [0.8832806  0.01079535 0.02760252 0.0233149  0.01126073 0.01513637
 0.01293916 0.01567042] [0.81501603 0.02604914 0.03873035 0.03396918 0.02357699 0.02571341
 0.01420723 0.02273768] [0.91434497 0.00754759 0.01920649 0.01746738 0.00871844 0.01017532
 0.00982445 0.01271534] [0.907701   0.00830828 0.01898164 0.01823398 0.00875841 0.01206952
 0.01175672 0.01419046] [0.90224737 0.0087805  0.01969699 0.01908671 0.00948232 0.0132661
 0.0125719  0.0148681 ] [0.03176202 0.0609611  0.62633103 0.14791761 0.01221968 0.04912281
 0.02088482 0.05080092] [0.7885983  0.02037111 0.06903287 0.03628651 0.01889096 0.02526933
 0.01716666 0.02438429] [0.85006523 0.01620422 0.0386643  0.02717487 0.01641783 0.01954576
 0.01288556 0.01904224] [0.94919705 0.00447454 0.00857524 0.0092161  0.00598512 0.00761778
 0.00695403 0.00798016] [0.96063244 0.0043038  0.00547895 0.00544461 0.0042542  0.00560867
 0.00698604 0.00729128] [0.9337398  0.00619604 0.01098042 0.01182741 0.00632957 0.00912618
 0.01050732 0.01129327] [0.9469905  0.00517008 0.00770742 0.00869184 0.00531125 0.00728008
 0.00921075 0.00963809] [0.8624889  0.01446842 0.03208083 0.02898263 0.01523916 0.01839077
 0.01131681 0.01703245] [0.94894403 0.00439552 0.00908102 0.00894366 0.00646355 0.00740599
 0.00667722 0.00808898] [0.93487674 0.0054921  0.01173935 0.01321917 0.00692233 0.00960354
 0.00847461 0.00967219] [0.89640915 0.00964275 0.0219403  0.02004837 0.01022253 0.01447175
 0.0125493  0.01471587] [0.9469399  0.00436095 0.00865322 0.00975204 0.00536439 0.00767649
 0.00835562 0.0088974 ] [0.9521557  0.00479511 0.00686269 0.00729757 0.00482563 0.00664525
 0.00851447 0.00890357] [0.94662565 0.00496594 0.0082842  0.00897073 0.00569443 0.00730398
 0.00883342 0.00932163] [0.8477274  0.01437499 0.04266715 0.02777333 0.01427579 0.01893775
 0.01480227 0.01944133] [0.9393313  0.00527886 0.01090099 0.01166383 0.0070372  0.00704483
 0.00836073 0.01038226] [0.70982015 0.04436376 0.06944423 0.03878015 0.03798685 0.04836077
 0.01939007 0.03185403] [0.9116872  0.01204006 0.01301669 0.01616023 0.01400858 0.01332952
 0.0075422  0.01221555] [0.87205034 0.01215335 0.03089834 0.02465764 0.01238985 0.01728781
 0.01359527 0.01696739] [0.96444374 0.00402869 0.00531054 0.00512742 0.00405921 0.00503205
 0.00556997 0.00642835] [0.8924488  0.00955062 0.02598195 0.01940637 0.01127461 0.0139674
 0.01253328 0.01483702] [0.95554817 0.00471106 0.00663745 0.00706468 0.00482169 0.0057372
 0.00743852 0.00804123] [0.95009744 0.00499674 0.00735398 0.00794901 0.00513405 0.00709842
 0.00838384 0.0089865 ] [0.07336202 0.03994629 0.66843665 0.07879398 0.02519149 0.05502151
 0.01890506 0.04034301] [0.9425302  0.00521551 0.00966796 0.01013342 0.00580688 0.00775268
 0.00916434 0.009729  ] [0.96054447 0.00423855 0.00541741 0.00557383 0.0042767  0.00540978
 0.00714564 0.00739362] [0.9134732  0.00738825 0.01609624 0.01778978 0.00846769 0.01260237
 0.0113284  0.01285411] [0.9120607  0.00788837 0.0170279  0.0159751  0.00899458 0.01267175
 0.01196988 0.01341176] [0.91338605 0.00807024 0.01681172 0.01607945 0.00852791 0.01225028
 0.01138071 0.01349362] [0.8925781  0.00975037 0.02305603 0.01992798 0.01145935 0.01434326
 0.01326752 0.01561737] [0.9612901  0.0042299  0.00586236 0.00561444 0.00434814 0.00466472
 0.00668241 0.00730793] [0.948763   0.00421539 0.00827055 0.0091327  0.00529117 0.00750377
 0.00811795 0.00870544] [0.9589917  0.00426105 0.00567631 0.00620275 0.00450138 0.00587849
 0.00709539 0.00739294] [0.90267366 0.0087265  0.0190854  0.01948206 0.0098707  0.01320416
 0.01222777 0.01472978] [0.9032996  0.00870494 0.02065993 0.01783712 0.0095823  0.01246615
 0.01256533 0.01488461] [0.90572023 0.00851402 0.02430614 0.01520469 0.01039076 0.01092479
 0.0113215  0.01361785] [0.9413452  0.00499693 0.01070335 0.01161881 0.00625188 0.00669055
 0.00847571 0.00991757] [0.8820378  0.01093542 0.03009722 0.01842158 0.01500282 0.01596435
 0.01191221 0.01562858] [0.93655205 0.00566881 0.01334422 0.0093997  0.00889615 0.00790429
 0.00810266 0.01013215] [0.9555737  0.00460056 0.00657277 0.00635152 0.00484089 0.00574879
 0.00825507 0.0080567 ] [0.89000773 0.01526421 0.01740775 0.01888764 0.02003189 0.0161262
 0.0082233  0.01405131] [0.9493093  0.00496339 0.0079277  0.00837024 0.00541739 0.00690526
 0.00803452 0.00907222] [0.03085515 0.02801685 0.8081548  0.03891229 0.01513764 0.03088567
 0.01361167 0.03442593] [0.925753   0.00702646 0.01404529 0.01280936 0.00781989 0.00943727
 0.01089444 0.01221429] [0.9490124  0.00488175 0.00824558 0.00864985 0.00556062 0.00733788
 0.00752476 0.00878715] [0.03015206 0.0531018  0.6831211  0.11078134 0.01212339 0.04602156
 0.01824993 0.04644882] [0.911635   0.00768292 0.01770047 0.01779202 0.00877394 0.01260395
 0.0109102  0.0129015 ] [0.8993249  0.00915437 0.02123813 0.01908685 0.01007743 0.01300683
 0.01304497 0.01506656] [0.87411016 0.01113239 0.03369475 0.02354665 0.01171228 0.0170305
 0.01276524 0.01600806] [0.9328813  0.00549184 0.01263124 0.01421777 0.00682285 0.00830641
 0.00889374 0.01075486] [0.8530469  0.01416048 0.03946013 0.02441462 0.01692238 0.02084398
 0.01314575 0.01800578] [0.95564663 0.00466577 0.006249   0.00688992 0.00483363 0.00637108
 0.00749269 0.00785131] [0.8822704  0.01094751 0.02770827 0.02325298 0.01302258 0.01624962
 0.01166463 0.01488404] [0.946318   0.00496689 0.00811029 0.00904874 0.00510422 0.00763726
 0.00910978 0.00970489] [0.93537563 0.00537011 0.01131995 0.01489748 0.00815433 0.0098096
 0.00652194 0.00855099] [0.707889   0.03048194 0.1058172  0.04552459 0.02862068 0.03780494
 0.01679711 0.02706455] [0.87975526 0.01106102 0.02868237 0.02277807 0.0116484  0.01566851
 0.01379195 0.01661441] [0.93005514 0.00671681 0.01270892 0.01228173 0.00712112 0.00880318
 0.01051194 0.01180114] [0.95832795 0.00411915 0.00618254 0.00654487 0.00453488 0.00611389
 0.00666692 0.00750982] [0.9084904  0.00803198 0.01725387 0.01908452 0.0093058  0.01315779
 0.01131189 0.01336374] [0.95021707 0.00386819 0.00828571 0.01077295 0.00554288 0.00678269
 0.00675598 0.00777453] [0.92120045 0.00661716 0.01490482 0.01517943 0.0084898  0.01149517
 0.010351   0.01176215] [0.95052403 0.00480571 0.00726959 0.00771584 0.0049659  0.00686149
 0.00884098 0.00901643] [0.9180003  0.00700784 0.01780762 0.01641902 0.00891907 0.01218456
 0.00871307 0.01094856] [0.8907677  0.01016398 0.02218984 0.02252558 0.01068286 0.01526887
 0.01285759 0.01554357] [0.8924828  0.01016127 0.02404528 0.02383168 0.01439513 0.01520376
 0.00787269 0.01200738] [0.9539669  0.00463039 0.00730411 0.00741091 0.00511479 0.00525591
 0.00788768 0.00842929] [0.88361377 0.01088499 0.02863507 0.02076309 0.01225801 0.01563716
 0.012586   0.0156219 ] [0.92363787 0.00677351 0.01350887 0.01486663 0.00733034 0.01062556
 0.01111374 0.01214349] [0.93873924 0.00612493 0.00996922 0.0098243  0.00624316 0.00897001
 0.0097404  0.01038874] [0.9473343  0.00541726 0.00795041 0.00793515 0.00547067 0.00729042
 0.00926276 0.00933906] [0.951544   0.00495469 0.00722034 0.00781917 0.00520261 0.00679696
 0.00801751 0.00844471] [0.8814351  0.01052961 0.03088685 0.02205114 0.01277287 0.0150314
 0.01185726 0.0154358 ] [0.02083302 0.02397704 0.8468735  0.02612903 0.01126356 0.02741106
 0.01115673 0.03235604] [0.9055614  0.00803198 0.01960321 0.01905401 0.01132714 0.01384429
 0.00977872 0.01279929] [0.8364449  0.01634254 0.04101656 0.03111338 0.01776164 0.02244619
 0.01500736 0.0198674 ] [0.96588296 0.00348304 0.00512729 0.00571097 0.00387789 0.00361466
 0.00603143 0.00627177] [0.9448819  0.00584447 0.00830129 0.00846152 0.00609244 0.00659601
 0.00963651 0.01018586] [0.9365985  0.00633672 0.01059808 0.01030051 0.00659995 0.00860665
 0.01016317 0.01079646] [0.9580846  0.00447118 0.00570724 0.00583314 0.00438725 0.00603533
 0.00772538 0.0077559 ] [0.9542199  0.00380182 0.00720686 0.00828655 0.00451716 0.00690546
 0.00718778 0.00787451] [0.03571347 0.03748388 0.76384085 0.05738574 0.01438459 0.03589661
 0.01555215 0.03974268] [0.91638154 0.00716686 0.01597382 0.01679768 0.0078496  0.01137391
 0.01132051 0.01313606] [0.86561036 0.01366247 0.03046785 0.0267757  0.0144482  0.0183692
 0.01333445 0.01733174] [0.7485809  0.02374412 0.09699079 0.04086553 0.02128731 0.02594152
 0.0173503  0.02523958] [0.9447161  0.00547728 0.00829983 0.00889486 0.00546584 0.00757131
 0.00950514 0.01006965] [0.7613873  0.03498035 0.04886871 0.02911977 0.05265367 0.03250792
 0.01346866 0.02701362] [0.96875554 0.00353434 0.00423052 0.00436022 0.00349428 0.00398257
 0.00572208 0.00592044] [0.9521521  0.00444414 0.00759509 0.00802615 0.00516512 0.00665667
 0.00747684 0.00848392] [0.9673608  0.00290321 0.00442921 0.00525706 0.00365667 0.00500146
 0.00540585 0.00598573] [0.9402181  0.00494274 0.01115929 0.01206699 0.00649497 0.00735308
 0.00823789 0.00952697] [0.89251006 0.01053539 0.02369509 0.02100975 0.01165683 0.0140599
 0.01150425 0.01502876] [0.9577922  0.0047673  0.0060068  0.00610214 0.00472153 0.0057055
 0.00713569 0.00776879] [0.9290858  0.0067016  0.01209111 0.01241151 0.00720508 0.00893293
 0.01116044 0.01241151] [0.91116065 0.01007111 0.01487014 0.01826533 0.01230659 0.01348918
 0.00798059 0.01185644] [0.93604946 0.00593576 0.01072709 0.01127642 0.00629435 0.00889601
 0.01004044 0.0107805 ] [0.8907813  0.00985128 0.02281589 0.02219017 0.01095773 0.01513938
 0.01284252 0.01542171] [0.9318077  0.0064747  0.01166744 0.01182768 0.00702793 0.00944688
 0.0101947  0.01155297] [0.91446006 0.00803296 0.01597437 0.01579128 0.00822367 0.01142007
 0.01224396 0.01385361] [0.8360013  0.01648075 0.04230059 0.03007737 0.01599243 0.02195907
 0.01599243 0.02119607] [0.02584799 0.03048659 0.80711657 0.04327327 0.01257305 0.03149366
 0.01368693 0.03552192] [0.9268639  0.00838566 0.01142251 0.01532158 0.01258231 0.01025508
 0.00577611 0.00939286] [0.893432   0.00942101 0.02338851 0.01986421 0.01077885 0.01502784
 0.01286902 0.01521855] [0.7203577  0.0468843  0.06660257 0.04282466 0.03702517 0.03696412
 0.01835996 0.03098149] [0.9261706  0.00626306 0.01340341 0.01472316 0.00784218 0.01057321
 0.0097951  0.01122927] [0.9346773  0.00614237 0.01056792 0.01200241 0.0059745  0.0089732
 0.01044584 0.01121649] [0.85986984 0.01608289 0.03068566 0.02442951 0.02095048 0.01962295
 0.01146707 0.01689161] [0.8859382  0.01009592 0.02724297 0.02229802 0.01116427 0.01457537
 0.01307968 0.01560556] [0.85927665 0.01328888 0.03579302 0.02715754 0.01328888 0.0176524
 0.0148985  0.01864411] [0.94969976 0.0041084  0.00818628 0.00933068 0.00523372 0.00716776
 0.00782007 0.0084533 ] [0.07445721 0.03243771 0.7113715  0.05739918 0.02598374 0.04205002
 0.01763782 0.03866282] [0.9235054  0.00660443 0.01474263 0.01449845 0.00899667 0.01176664
 0.00854645 0.01133931] [0.9492948  0.00524181 0.00787417 0.0074507  0.0056195  0.00710735
 0.00868295 0.00872873] [0.7691486  0.03467273 0.05094083 0.03680925 0.03207838 0.03342134
 0.01657332 0.02635555] [0.91846055 0.00767139 0.01533514 0.01460272 0.00808719 0.01081852
 0.01181035 0.01321416] [0.9686077  0.00294642 0.00423751 0.00490498 0.00348612 0.00459985
 0.00543515 0.00578223] [0.9476093  0.00542749 0.00770833 0.00776172 0.00536646 0.00751381
 0.00925304 0.00935984] [0.9319014  0.00582743 0.01228033 0.01314987 0.00702496 0.00948102
 0.00968697 0.01064804] [0.851556   0.01425923 0.04104583 0.02351362 0.01708971 0.02017196
 0.01358022 0.01878343] [0.9558578  0.00431353 0.00646458 0.00728839 0.0049352  0.00663621
 0.00703667 0.00746764] [0.8656764  0.01383898 0.0332929  0.02348202 0.01562417 0.01800441
 0.01285484 0.01722625] [0.8725719  0.0112459  0.03479057 0.02372778 0.01199359 0.01612879
 0.01327535 0.01626612] [0.92732394 0.00627189 0.01470308 0.0139477  0.00840067 0.00853801
 0.00923234 0.01158239] [0.56880426 0.02921835 0.23301445 0.04696297 0.02915732 0.04052425
 0.0203079  0.0320105 ] [0.941679   0.00567497 0.00967186 0.00981678 0.00620891 0.00813107
 0.00916081 0.0096566 ] [0.87861234 0.0113169  0.0308601  0.02028342 0.01308731 0.01680364
 0.01279733 0.01623894] [0.9363913  0.0051186  0.0113128  0.01265538 0.0068693  0.00914635
 0.00868865 0.00981764] [0.92765653 0.00628609 0.0126027  0.01402928 0.00673619 0.01001655
 0.01084809 0.01182457] [0.90451425 0.0077953  0.021749   0.02103167 0.01112633 0.01272889
 0.00902774 0.01202682] [0.9399163  0.00566467 0.01069613 0.01122254 0.00630934 0.00714855
 0.00882697 0.01021549] [0.9431687  0.00598786 0.00920682 0.00900087 0.00650274 0.00844403
 0.0082991  0.00938989] [0.94913185 0.00421867 0.00772787 0.00917732 0.00493195 0.007602
 0.00832291 0.00888743] [0.87926036 0.01201446 0.02862112 0.02477649 0.01346383 0.015943
 0.01060324 0.01531749] [0.80577475 0.02342546 0.04776657 0.03775543 0.01974759 0.02360859
 0.01700062 0.02492102] [0.88779694 0.0099575  0.02311971 0.02270768 0.01193374 0.015932
 0.01294093 0.01561153] [0.9307493  0.00683656 0.01169693 0.01181901 0.00671448 0.00953762
 0.01088051 0.0117656 ] [0.04048879 0.04247204 0.71567833 0.0847     0.0154846  0.04302125
 0.01717799 0.04097698] [0.8732534  0.01331644 0.0281286  0.0268313  0.01375142 0.01642234
 0.01159942 0.01669706] [0.9272638  0.00575649 0.01416043 0.01716647 0.00847642 0.00968952
 0.00771347 0.00977344] [0.9553041  0.00482292 0.0059676  0.00651323 0.00467411 0.00619653
 0.00807381 0.00844774] [0.858405   0.01382457 0.03378322 0.02949546 0.01372539 0.0195314
 0.0133668  0.01786818] [0.9612058  0.00414944 0.0054614  0.00558344 0.00419521 0.00536986
 0.00681912 0.00721576] [0.91589683 0.00792591 0.02036784 0.01583657 0.00884132 0.00929903
 0.00951262 0.01231987] [0.9502859  0.00425761 0.00781325 0.00907985 0.00522663 0.00724099
 0.00766446 0.00843128] [0.9337006  0.00703892 0.01284937 0.00982015 0.01029323 0.00771039
 0.00817965 0.01040769] [0.94158584 0.00607797 0.01309454 0.00840157 0.00663121 0.00610086
 0.00835578 0.00975223] [0.84966123 0.01505371 0.04373436 0.02285906 0.01794543 0.02023439
 0.01278002 0.0177318 ] [0.8695095  0.01191548 0.03210009 0.02560073 0.01209093 0.016523
 0.01427264 0.01798764] [0.4943546  0.07470247 0.15697284 0.04528532 0.08648154 0.06798901
 0.02517547 0.04903876] [0.9092421  0.00813349 0.01893746 0.01829654 0.00901856 0.01186452
 0.01116257 0.01334473] [0.08483887 0.05895996 0.55615234 0.15661621 0.01603699 0.05300903
 0.02253723 0.05184937] [0.96057564 0.00377514 0.00579147 0.00630652 0.00424632 0.00540995
 0.00670331 0.00719165] [0.89162195 0.00945304 0.02748171 0.02006577 0.01081873 0.01329071
 0.01247435 0.01479373] [0.86951613 0.0113053  0.03329036 0.02885063 0.0145016  0.01725545
 0.01023732 0.01504321] [0.9269452  0.00624592 0.01544502 0.01652861 0.00829483 0.00798196
 0.00811932 0.01043912] [0.84312665 0.01485968 0.04103957 0.02936846 0.01627852 0.02291503
 0.01338744 0.01902466] [0.9166228  0.00757697 0.01535996 0.01557361 0.00801953 0.01148373
 0.01209416 0.01326924] [0.95492876 0.00459599 0.00694929 0.00726968 0.00490493 0.00589279
 0.00744894 0.00800961] [0.8535612  0.01695342 0.03036661 0.02508679 0.02063099 0.02374394
 0.0120322  0.01762484] [0.03037492 0.04253404 0.73717535 0.077379   0.01323468 0.04109997
 0.01673595 0.04146611] [0.8631166  0.0131582  0.03365447 0.02677407 0.01285308 0.01771208
 0.01456174 0.01816975] [0.9120537  0.00803326 0.01791272 0.01623436 0.00892585 0.01151205
 0.01185536 0.01347269] [0.94494677 0.00499027 0.00927092 0.009744   0.00619587 0.0081111
 0.00782114 0.00891992] [0.73157924 0.02592943 0.10438923 0.03415542 0.02864599 0.03226299
 0.01755082 0.02548684] [0.84915996 0.01435918 0.03967467 0.02687196 0.01602246 0.02014252
 0.01419132 0.01957792] [0.9534896  0.00391719 0.00762841 0.00852093 0.00500423 0.00687701
 0.00677021 0.00779242] [0.8388864  0.02122546 0.03378373 0.02887029 0.02177479 0.0237127
 0.01186398 0.01988266] [0.9314736  0.00674699 0.01195312 0.01156409 0.00712458 0.00913075
 0.01063347 0.01137339] [0.928035   0.006682   0.01393609 0.01244866 0.00757827 0.00920682
 0.01023658 0.01187657] [0.01679762 0.02221375 0.8582806  0.02311389 0.01004653 0.02550919
 0.01080937 0.03322908] [0.93516564 0.00537934 0.01170483 0.01392524 0.00711141 0.00905713
 0.00769131 0.00996513] [0.9358852  0.00593853 0.01216694 0.01132784 0.00705987 0.00852067
 0.00865798 0.01044297] [0.953956   0.00427944 0.00681964 0.00757102 0.00465703 0.00617887
 0.00799439 0.00854362] [0.9230593  0.00748231 0.01599481 0.01336208 0.00797451 0.00992808
 0.00999676 0.01220215] [0.9063537  0.00808045 0.01886202 0.02026599 0.01051451 0.01371159
 0.00958362 0.01262809] [0.92268616 0.00642661 0.01417287 0.01582053 0.00797892 0.01097673
 0.01013002 0.01180819] [0.91844654 0.00734702 0.01437361 0.01650982 0.00777808 0.0110625
 0.01151263 0.01296982] [0.8686855  0.01262713 0.02996941 0.02652079 0.0124898  0.01725835
 0.01425988 0.01818917] [0.25072476 0.05453325 0.42039734 0.12731545 0.02769386 0.0480332
 0.02387928 0.04742287] [0.8553382  0.0181857  0.02944497 0.02543252 0.02085558 0.02276264
 0.01128978 0.01669057] [0.939342   0.00470297 0.01059598 0.01371603 0.00682369 0.00860494
 0.00742634 0.00878802] [0.79241395 0.03075914 0.04473501 0.03512279 0.0278297  0.02956905
 0.01524988 0.02432047] [0.9416718  0.0048931  0.01045743 0.01203634 0.0067466  0.00753225
 0.00737207 0.00929041] [0.9483399  0.00531824 0.00804984 0.00761874 0.00562726 0.00741272
 0.00882812 0.00880523] [0.9201114  0.00678393 0.01472013 0.0161166  0.0080583  0.01143882
 0.01079782 0.01197299] [0.80128175 0.01794461 0.07196154 0.03099107 0.01643397 0.0237583
 0.01553368 0.02209506] [0.02020603 0.02426555 0.84682184 0.02600534 0.01104159 0.0270889
 0.01120946 0.03336131] [0.8856476  0.0154021  0.01897991 0.02172619 0.0182323  0.01682865
 0.00929924 0.01388402] [0.9302503  0.00584458 0.01195622 0.01426811 0.00677926 0.0095604
 0.01003346 0.01130767] [0.9157369  0.00860793 0.01619328 0.01440759 0.00891317 0.01189695
 0.01143145 0.01281269] [0.9495766  0.00496224 0.00757495 0.00792585 0.00612938 0.00704096
 0.00787245 0.00891754] [0.93528336 0.00576158 0.0106303  0.01191235 0.00606301 0.00892091
 0.01030216 0.01112633] [0.86435676 0.01337586 0.03117727 0.02827777 0.01269677 0.01730545
 0.01432964 0.01848051] [0.9362913  0.00612489 0.0101217  0.01111327 0.00609056 0.00870298
 0.01047256 0.01108276] [0.9422534  0.00602258 0.01106873 0.0083149  0.00644214 0.00740713
 0.00858952 0.00990159] [0.91882265 0.00754828 0.01422692 0.01557714 0.00791825 0.01080178
 0.01190027 0.01320472] [0.9532559  0.00477284 0.00710394 0.00702001 0.00509332 0.00590596
 0.00838586 0.00846216] [0.9291248  0.00651498 0.01204585 0.01267141 0.00670189 0.0096733
 0.01110751 0.01216028] [0.9080992  0.00795655 0.01777446 0.01835422 0.00974925 0.01323549
 0.01158772 0.01324311] [0.9500793  0.00392866 0.00803277 0.01042048 0.0053056  0.00666728
 0.007289   0.00827688] [0.9182609  0.00774218 0.01468345 0.01541571 0.00823799 0.01119756
 0.0115942  0.01286804] [0.74352753 0.03344165 0.0729858  0.04341923 0.02884953 0.03325858
 0.01711749 0.02740019] [0.8834288  0.01034696 0.02583688 0.02565374 0.01115579 0.01596301
 0.01221643 0.01539835] [0.9503766  0.00540264 0.00744389 0.00753928 0.00541409 0.00670752
 0.00806581 0.00905019] [0.90530795 0.00838502 0.01857065 0.01872325 0.00923955 0.01306965
 0.01236772 0.01433618] [0.90855277 0.00784182 0.02091661 0.01992494 0.00980228 0.01128978
 0.00924542 0.01242639] [0.9198798  0.00707975 0.01457911 0.01559377 0.00769008 0.01090953
 0.01151223 0.01275576] [0.88180906 0.01094022 0.02685465 0.02285697 0.01110806 0.01582288
 0.01386982 0.01673838] [0.9270198  0.00663595 0.01337869 0.01311936 0.00704784 0.00965646
 0.01093788 0.01220405] [0.8976664  0.0130111  0.01634591 0.02014621 0.01343844 0.01575067
 0.00934052 0.01430076] [0.9017867  0.00878839 0.02154377 0.01824812 0.0095589  0.01268672
 0.01241971 0.01496773] [0.01878013 0.0207329  0.8611704  0.02195338 0.01115976 0.02555379
 0.01050375 0.03014585] [0.93006223 0.00677026 0.01579092 0.01067222 0.00771619 0.00863542
 0.0093525  0.01100024] [0.95871186 0.00438789 0.00578438 0.00589885 0.00466261 0.00586069
 0.00739455 0.00729916] [0.92871094 0.00672531 0.01290131 0.012146   0.0075264  0.00912476
 0.01088715 0.01197815] [0.03783718 0.01981875 0.8329061  0.02219883 0.01843037 0.02810326
 0.0113359  0.02936958] [0.9399558  0.00495155 0.01003281 0.01122301 0.00576791 0.00862135
 0.00937667 0.01007095] [0.80768496 0.02401935 0.04822182 0.03235135 0.02650674 0.02876523
 0.01258193 0.01986861] [0.88707167 0.01000824 0.02383059 0.02413572 0.01228908 0.0156989
 0.01186953 0.01509627] [0.9193459  0.0064653  0.01640163 0.01910218 0.0093146  0.01075642
 0.00817793 0.01043602] [0.900714   0.00931379 0.01990907 0.01942088 0.01046561 0.01386007
 0.01206749 0.0142491 ] [0.8796882  0.01146444 0.0284666  0.02329502 0.0113424  0.01580461
 0.01350867 0.01643008] [0.8802838  0.01096998 0.02915665 0.02387764 0.01302971 0.01673723
 0.01112255 0.01482244] [0.83264023 0.01758067 0.04776694 0.02356299 0.0219148  0.02276941
 0.0141088  0.01965617] [0.72032475 0.04624119 0.06125813 0.03406281 0.05329182 0.04154076
 0.01533742 0.02794311] [0.8247322  0.01768548 0.04586932 0.03289896 0.01751762 0.02410962
 0.01582385 0.02136296] [0.8799499  0.01210877 0.0271322  0.02369871 0.01324564 0.01635867
 0.0113     0.01620607] [0.962685   0.00351259 0.00552632 0.006373   0.0040122  0.00530511
 0.00599924 0.00658657] [0.93354744 0.00561496 0.01383141 0.01386192 0.00734674 0.00760231
 0.00796469 0.01023051] [0.9361566  0.00540613 0.01094197 0.01237648 0.00642097 0.00933196
 0.00924803 0.01011789] [0.9426877  0.00507256 0.00920689 0.0106867  0.00575526 0.00818475
 0.00862717 0.00977898] [0.50634766 0.04095459 0.23754883 0.09753418 0.02307129 0.0362854
 0.02090454 0.03735352] [0.9207509  0.00749087 0.01807877 0.01231187 0.00944368 0.01013021
 0.00977932 0.01201437] [0.9144252  0.00777329 0.01691967 0.01572965 0.00879548 0.0113281
 0.01177054 0.01325807] [0.92728144 0.0065539  0.01255846 0.0135961  0.00688198 0.00998726
 0.01110882 0.01203201] [0.05273518 0.05893034 0.60205996 0.15564202 0.01492332 0.04690623
 0.02073701 0.04806592] [0.09806554 0.05248062 0.5882712  0.13266614 0.01748337 0.04180143
 0.02169403 0.04753768] [0.9648033  0.00376304 0.00488642 0.00515344 0.0038584  0.00472621
 0.00623295 0.00657626] [0.88270473 0.01080953 0.02587575 0.02276333 0.01107653 0.01580618
 0.0139372  0.01702673] [0.9442927  0.00461939 0.00922352 0.01016952 0.00577137 0.0078274
 0.00872763 0.00936847] [0.9520286  0.00442449 0.00755596 0.00797934 0.0050424  0.00641551
 0.00813954 0.00841416] [0.92303467 0.0069136  0.01587229 0.01466661 0.00804298 0.0096531
 0.0099507  0.01186606] [0.7982546  0.01928505 0.06761973 0.03625101 0.01788139 0.02293151
 0.01589796 0.02187877] [0.93490165 0.00645338 0.01012251 0.01105314 0.00631608 0.00898592
 0.01080904 0.01135826] [0.8701637  0.01210087 0.03120589 0.02426277 0.01264258 0.01686186
 0.01449662 0.01826575] [0.88381606 0.01069674 0.02441481 0.02420118 0.01137577 0.01590014
 0.01326792 0.0163274 ] [0.711838   0.04854828 0.05764155 0.03252826 0.05404086 0.04061456
 0.01936134 0.03542712] [0.8873018  0.00988875 0.02484396 0.02276855 0.01252117 0.01657281
 0.01136138 0.01474157] [0.92596847 0.00616961 0.01421644 0.01449878 0.00805827 0.01027887
 0.00921054 0.01159902] [0.56095815 0.0831795  0.07500191 0.0321306  0.12803417 0.05913495
 0.02076436 0.0407964 ] [0.91452986 0.00781995 0.01684532 0.01557887 0.00852947 0.01115392
 0.01185581 0.01368682] [0.9592458  0.00430577 0.00574739 0.00570162 0.0043401  0.00570925
 0.00747504 0.00747504] [0.90155977 0.00917249 0.02315253 0.0155444  0.01253014 0.01304142
 0.01108788 0.01391136] [0.8349482  0.01689122 0.04180845 0.03042556 0.01725743 0.02253689
 0.01487709 0.02125517] [0.93571824 0.00598254 0.01049997 0.01133936 0.00635645 0.00878304
 0.01039314 0.01092729] [0.90283203 0.00853729 0.01953125 0.01931763 0.01004028 0.01376343
 0.01210785 0.01387024] [0.9322747  0.00635628 0.01476519 0.01220131 0.00821051 0.0070087
 0.00866835 0.01051495] [0.0360091  0.04086117 0.7426418  0.07195716 0.01347289 0.03738232
 0.01687545 0.04080014] [0.11052455 0.05352293 0.5492661  0.14268713 0.01855299 0.05095969
 0.02273352 0.05175307] [0.89981997 0.00917732 0.02067377 0.02042965 0.01013091 0.01350279
 0.0119618  0.01430381] [0.9160576  0.00805701 0.01687699 0.01390902 0.0111318  0.01136069
 0.00994156 0.01266538] [0.06234551 0.07018829 0.5341634  0.18993561 0.01452592 0.05068815
 0.0232842  0.05486893] [0.89407027 0.00946074 0.02398755 0.01977599 0.01027711 0.01367992
 0.01304666 0.01570177] [0.03066549 0.02317457 0.82995147 0.02794984 0.01560736 0.02872792
 0.01246453 0.03145882] [0.90886474 0.0083863  0.01823773 0.01724572 0.00869154 0.012072
 0.01236961 0.01413233] [0.9352548  0.00631083 0.0105384  0.01101916 0.00652832 0.00895116
 0.01043157 0.01096574] [0.92867196 0.00616048 0.01358738 0.01499876 0.0080029  0.01014667
 0.00819363 0.01023822] [0.9305221  0.00643441 0.01159491 0.01285357 0.00678531 0.00945901
 0.01083972 0.011511  ] [0.02058615 0.02434018 0.84481037 0.02728542 0.01091112 0.02768219
 0.01145286 0.03293173] [0.9583718  0.00442066 0.00593108 0.00603025 0.00471435 0.00540091
 0.00751016 0.00762078] [0.91621834 0.00783712 0.02074128 0.0156132  0.00917256 0.00898942
 0.00936334 0.01206474] [0.02291311 0.0286185  0.8215768  0.03780205 0.01148706 0.02957957
 0.01296681 0.03505614] [0.03787405 0.0614347  0.61526257 0.1545481  0.01243648 0.04785375
 0.02063083 0.04995956] [0.9450818  0.00543462 0.00807756 0.00892421 0.00564056 0.00713174
 0.00950391 0.01020564] [0.876913   0.01151223 0.02613711 0.0238484  0.01319825 0.01780619
 0.01341949 0.01716535] [0.04107478 0.02831902 0.7900029  0.03951845 0.01882848 0.03439173
 0.01454096 0.03332367] [0.92329407 0.00689282 0.01526566 0.01551742 0.00833851 0.01032969
 0.00882677 0.01153507] [0.958668   0.00471581 0.00531101 0.00588332 0.00434572 0.005952
 0.00727975 0.00784442] [0.9344313  0.00592716 0.01171701 0.011984   0.00684636 0.00942853
 0.00922257 0.01044309] [0.03568022 0.05313881 0.6666005  0.12196592 0.01267426 0.04538622
 0.01834372 0.04621031] [0.7308121  0.03289143 0.08006224 0.05519535 0.0238295  0.03151841
 0.01696441 0.0287266 ] [0.87679255 0.01115213 0.02868127 0.02303655 0.01192256 0.0170562
 0.0141957  0.017163  ] [0.9261388  0.00653747 0.01305205 0.01829271 0.00913872 0.01019906
 0.00688456 0.00975662] [0.93820304 0.0055135  0.01088964 0.01188169 0.00699394 0.00864608
 0.00836373 0.0095084 ] [0.9002807  0.00907024 0.02221408 0.01673685 0.01109941 0.01403637
 0.0119538  0.01460851] [0.9564809  0.00446291 0.00657611 0.00663714 0.00477951 0.00518765
 0.00788065 0.00799509] [0.87506676 0.01139155 0.03009263 0.02394287 0.01207825 0.01593139
 0.0142528  0.01724375] [0.87873864 0.01196824 0.02837593 0.0238602  0.01375317 0.01614072
 0.01129698 0.01586611] [0.89070654 0.00949947 0.02342439 0.02168472 0.01205555 0.01588585
 0.01196399 0.01477949] [0.9371976  0.00561635 0.0110114  0.01119454 0.00647864 0.00894342
 0.00935549 0.01020252] [0.9192653  0.00668975 0.01550772 0.01800207 0.00940532 0.01121316
 0.00865015 0.01126655] [0.89955133 0.00937033 0.02267802 0.0171535  0.01237677 0.01395629
 0.01098037 0.0139334 ] [0.90666217 0.00781947 0.01870571 0.01988053 0.00961223 0.01345712
 0.01087097 0.01299177] [0.9124097  0.0079787  0.01615573 0.01717786 0.00846688 0.01174685
 0.01193754 0.01412673] [0.8456773  0.01647899 0.04043456 0.02195673 0.02175837 0.02123959
 0.01338155 0.01907291] [0.907102   0.00824624 0.01807918 0.01838432 0.00914639 0.01296056
 0.0117324  0.01434892] [0.9523646  0.00387852 0.00740219 0.00930997 0.00489155 0.0069863
 0.00707787 0.00808899] [0.8924964  0.01010039 0.0253883  0.0176528  0.01478441 0.01478441
 0.01073358 0.01405969]",0 2 4 0 0 0 0 0 0 0 0 0 2 0 0 0 0 2 0 0 0 2 0 0 0 0 0 0 0 0 0 0 1 0 0 2 0 0 0 0 0 0 3 0 0 0 0 0 0 0 0 0 0 0 0 0 1 0 0 0 0 0 0 0 0 3 0 0 0 0 0 0 0 0 0 0 0 0 0 0 0 0 0 0 2 0 0 3 0 2 0 0 4 0 0 0 5 0 0 0 7 0 0 0 0 0 0 3 0 0 0 0 0 0 0 2 0 0 0 0 0 0 0 2 0 0 0 0 0 0 0 0 0 0 0 0 0 0 0 0 0 0 2 0 0 0 0 0 0 0 0 0 7 0 0 0 0 0 0 3 4 0 0 0 0 0 0 0 0 0 0 0 0 0 0 3 0 0 5 0 3 0 0 0 0 0 0 0 1 0 0 0 2 0 7 0 0 0 0 0 6 2 0 0 0 0 3 0 0 0 0 2 0 0 0 0 0 0 0 4 3 0 0 0 0 0 0 0 2 7 0 0 0 0 1 0 0 0 0 0 0 0 0 0 0 0 0 0 0 0 0 0 6 2 0 0 0 2 0 0 0 0 0 0 0 7 0 0 0 0 0 0 0 0 0 0 0 3 0 0 0 0 0 0 0 0 4 0 0 0 0 0 0 0 0 0 0 0 0 2 0 0 0 1 0 2 0 0 0 0 2 0 0 2 3 0 0 2 0 7 0 2 5 0 0 0 0 0 0 0 0 0 0 0 0 0 0 0 0 0
46980,1,wide-v2-1.5k,0.25,17,0,0.8852941176470588,0.7776210839187074,"[0.9338469  0.00649098 0.01037337 0.01057931 0.00834446 0.0090233
 0.01055642 0.01078525] [0.94521517 0.00556507 0.00746078 0.00890259 0.0067208  0.00840673
 0.00843724 0.00929165] [0.44529212 0.0839195  0.21080577 0.05135873 0.06988206 0.0607272
 0.0215902  0.05642442] [0.9351585  0.00671458 0.01030841 0.01007951 0.00824063 0.00869081
 0.01100276 0.00980482] [0.92067367 0.00651391 0.01318038 0.01684159 0.00963357 0.01172352
 0.01064041 0.01079296] [0.9542526  0.00381721 0.00608922 0.00758482 0.00607777 0.00714606
 0.00739405 0.00763823] [0.9033134  0.01009361 0.01702868 0.01870713 0.01151267 0.01184836
 0.0138625  0.01363362] [0.8552991  0.01585074 0.02980976 0.03090817 0.01649148 0.01739157
 0.01690339 0.0173458 ] [0.9256118  0.00749832 0.01090804 0.01440929 0.00875694 0.01103771
 0.01061055 0.01116739] [0.05126953 0.0546875  0.5996094  0.15527344 0.01734924 0.05331421
 0.01249695 0.05599976] [0.88623047 0.01122284 0.0201416  0.02461243 0.01306915 0.01622009
 0.01417542 0.014328  ] [0.03802635 0.0374465  0.72463703 0.09039652 0.01440485 0.04135289
 0.00887332 0.04486255] [0.82221544 0.01891974 0.04671956 0.03182789 0.02041501 0.0212542
 0.01653952 0.02210864] [0.01037406 0.01156402 0.90998787 0.01612556 0.00715886 0.01980224
 0.00277468 0.02221269] [0.9587009  0.00461677 0.00481136 0.0050174  0.00576524 0.00620021
 0.00747459 0.00741354] [0.03930634 0.05737261 0.59667516 0.16833368 0.01559436 0.05746416
 0.01145163 0.05380208] [0.9139091  0.00889438 0.01366958 0.01815491 0.01018353 0.0116939
 0.01128961 0.01220498] [0.87498    0.01377074 0.0255884  0.02204845 0.01631127 0.01654015
 0.01325958 0.01750143] [0.9073442  0.00962954 0.01617641 0.01744306 0.01149899 0.01124719
 0.01368891 0.01297165] [0.9318397  0.00570801 0.01033241 0.01336192 0.0090504  0.01043924
 0.00946247 0.00980587] [0.9677679  0.00299643 0.00360105 0.00413511 0.004055   0.00602337
 0.00578305 0.00563809] [0.9263402  0.00779784 0.01187987 0.01239871 0.00926279 0.00943828
 0.01192565 0.01095665] [0.9123888  0.00906927 0.01539259 0.01471373 0.01191439 0.01262376
 0.01063294 0.01326448] [0.842812   0.01748737 0.03259427 0.03302153 0.01847924 0.01869287
 0.01783834 0.01907436] [0.9080507  0.00977161 0.01522572 0.0162784  0.01273895 0.01328055
 0.01112179 0.01353227] [0.9485821  0.00523676 0.00772355 0.00694929 0.00685775 0.00731163
 0.00939032 0.00794859] [0.92546594 0.00721494 0.0123543  0.01382705 0.009508   0.00962246
 0.01144623 0.01056106] [0.9257742  0.00742334 0.01195517 0.01272573 0.0093612  0.01010887
 0.01161948 0.01103202] [0.73202294 0.04529361 0.05332072 0.03506898 0.04071542 0.03519106
 0.02231107 0.03607618] [0.84976494 0.01881753 0.0333313  0.02438801 0.02014529 0.01971797
 0.01378121 0.02005372] [0.62827414 0.03499565 0.16426904 0.04939665 0.03231072 0.03466003
 0.0191454  0.03694833] [0.79874283 0.02433517 0.04741925 0.04095022 0.02200082 0.02259585
 0.01928505 0.02467083] [0.95258945 0.00502752 0.00623291 0.00630538 0.00605362 0.00693859
 0.00833851 0.00851398] [0.9175995  0.00898096 0.01354393 0.01463508 0.01029339 0.00990424
 0.01282668 0.01221624] [0.94539905 0.00587517 0.00761865 0.00761102 0.00721044 0.00766824
 0.00959866 0.00901877] [0.92626244 0.00791925 0.01188651 0.01190939 0.0098571  0.00856012
 0.01206198 0.01154319] [0.839189   0.02358541 0.02912325 0.02463806 0.02405834 0.02071733
 0.01601855 0.02267006] [0.8771271  0.01457503 0.02275537 0.02209911 0.0169864  0.0158265
 0.01321673 0.01741373] [0.90680057 0.009896   0.01602283 0.01655692 0.01213157 0.01207816
 0.01277248 0.01374148] [0.94481343 0.00600808 0.00747291 0.00798788 0.00722114 0.00815573
 0.00940694 0.00893392] [0.927331   0.00724859 0.01233023 0.01274989 0.00868305 0.0092553
 0.01160537 0.01079658] [0.9258095  0.00785089 0.01230659 0.01264229 0.00921659 0.0089877
 0.012154   0.01103244] [0.16110577 0.05843135 0.40398493 0.20492166 0.0245015  0.07597601
 0.01749889 0.05357987] [0.87072504 0.01266653 0.02330337 0.0293009  0.01484121 0.01874037
 0.01474965 0.01567293] [0.92796093 0.00734127 0.01195818 0.01219475 0.00870727 0.00924908
 0.01172924 0.01085928] [0.9387715  0.00612896 0.00962631 0.00980175 0.00756299 0.00819991
 0.01024417 0.00966445] [0.7709608  0.02766292 0.06139856 0.04510292 0.02456553 0.02430614
 0.01899632 0.02700682] [0.94096106 0.00613431 0.00894969 0.00881998 0.0075153  0.00823249
 0.01031541 0.00907177] [0.952753   0.00426154 0.0062645  0.00758836 0.00598981 0.00724881
 0.00782108 0.00807288] [0.9012022  0.00897815 0.01711723 0.02144993 0.01174712 0.01398975
 0.01289894 0.01261671] [0.89069295 0.01123896 0.02012788 0.02314935 0.01245975 0.01336772
 0.0148403  0.01412309] [0.8975705  0.00859938 0.01790074 0.02322671 0.0120025  0.01599316
 0.01210933 0.01259767] [0.9043935  0.01072044 0.01634391 0.01547407 0.01364281 0.01362755
 0.01103328 0.01476446] [0.01654065 0.01870742 0.8701238  0.03001427 0.00843055 0.02537556
 0.00396732 0.02684041] [0.9019793  0.00969066 0.01587132 0.02156363 0.01122438 0.01431471
 0.01243762 0.01291834] [0.9441631  0.00517941 0.00869592 0.00918411 0.00728474 0.00754409
 0.00925276 0.00869592] [0.01054187 0.01296757 0.9041296  0.01786474 0.00698342 0.02088542
 0.00295012 0.02367726] [0.93114525 0.00674433 0.01087943 0.01184836 0.00843042 0.00956719
 0.01084892 0.01053611] [0.8800171  0.01209444 0.02231175 0.01979367 0.01877118 0.01831334
 0.01200287 0.01669566] [0.8769933  0.01177269 0.02290449 0.02786382 0.01360383 0.01707537
 0.01467963 0.01510689] [0.91271603 0.0088894  0.01390256 0.01834344 0.01042311 0.0119034
 0.01134638 0.01247568] [0.8828731  0.0105827  0.01934947 0.026369   0.01434425 0.01910532
 0.01223076 0.01514539] [0.96615195 0.00335639 0.00358714 0.00408106 0.00488965 0.00631611
 0.00548083 0.00613685] [0.8929506  0.01120613 0.02036784 0.01894896 0.01438717 0.01536361
 0.01139684 0.01537886] [0.9194406  0.0086518  0.01317606 0.01239023 0.01103219 0.01129159
 0.0112153  0.01280222] [0.8735485  0.01358053 0.02372778 0.02648966 0.01477073 0.01570153
 0.01609827 0.01608301] [0.86132157 0.01280203 0.02507    0.03329442 0.0155791  0.02206404
 0.01319112 0.01667773] [0.9618664  0.00396327 0.00450493 0.0048635  0.00480628 0.00616043
 0.00678601 0.00704921] [0.9763316  0.00218149 0.00221582 0.00302815 0.00300527 0.00474055
 0.00424475 0.00425238] [0.94006693 0.00626838 0.00927095 0.00879787 0.00778302 0.00816454
 0.01057575 0.00907256] [0.80644375 0.02183    0.04948743 0.02808457 0.02976263 0.02626922
 0.01350073 0.02462167] [0.6657102  0.04676577 0.10433774 0.05647303 0.03138069 0.03400592
 0.02280289 0.03852376] [0.9049647  0.00904263 0.01628436 0.0200235  0.01114876 0.01277414
 0.01314042 0.01262152] [0.91452986 0.00875072 0.01449552 0.01643334 0.01036048 0.01074957
 0.01277894 0.01190158] [0.01767109 0.02108934 0.8530957  0.03677663 0.00927809 0.02794108
 0.00480309 0.029345  ] [0.9457359  0.00554619 0.00823155 0.00772423 0.00694227 0.00746485
 0.00969629 0.00865877] [0.9547355  0.00468135 0.00615023 0.00572292 0.00592894 0.00661188
 0.00850807 0.00766108] [0.95994264 0.00400917 0.00546254 0.0046691  0.00536336 0.00599278
 0.00781998 0.00674044] [0.9381851  0.00620781 0.00937086 0.00963032 0.00782177 0.00860776
 0.01036289 0.00981346] [0.944835   0.00525671 0.00801859 0.00898753 0.00730523 0.00803384
 0.00888835 0.00867472] [0.96191776 0.00416185 0.00481798 0.00442888 0.00518419 0.00560381
 0.00731662 0.00656893] [0.8780101  0.01249809 0.02224935 0.02675111 0.01365024 0.01631314
 0.01518389 0.01534412] [0.9577168  0.003991   0.00508222 0.0070472  0.00531115 0.00683735
 0.00682971 0.00718455] [0.06670328 0.04711339 0.58488953 0.15378982 0.02184792 0.0665202
 0.01205297 0.04708287] [0.88114595 0.01377553 0.02575094 0.01632317 0.0159723  0.01578923
 0.012967   0.01827585] [0.9247377  0.00759451 0.01272491 0.01315212 0.00908595 0.00952842
 0.0120078  0.01116862] [0.01650932 0.02047644 0.85885066 0.03439187 0.00896416 0.02819706
 0.00398619 0.02862429] [0.9229431  0.00843132 0.01236848 0.01283391 0.00998787 0.01002602
 0.01147575 0.01193356] [0.8881023  0.01100821 0.02020079 0.02354216 0.01293064 0.01556254
 0.01452504 0.01412835] [0.9464949  0.0060209  0.00695189 0.00706254 0.0071503  0.00832548
