dataset_id,fold,checkpoint,sparsity,features,features_added,accuracy,roc_auc_score,prediction_probas,ground_truth
188,0,random_forest,0.5,14,0,0.6283783783783784,0.9181611984985242,[0. 0. 0. 0. 1.] [0.25 0.   0.01 0.39 0.35] [0.07 0.39 0.53 0.01 0.  ] [0.41 0.03 0.16 0.33 0.07] [0.57 0.05 0.34 0.02 0.02] [0. 0. 0. 0. 1.] [0.   0.   0.   0.01 0.99] [0.53 0.01 0.07 0.36 0.03] [0.64 0.02 0.28 0.06 0.  ] [0.47 0.02 0.07 0.35 0.09] [0.49 0.16 0.29 0.04 0.02] [0.19 0.27 0.52 0.01 0.01] [0.19 0.11 0.68 0.01 0.01] [0.3  0.22 0.41 0.06 0.01] [0.14 0.22 0.58 0.01 0.05] [0.19 0.01 0.01 0.63 0.16] [0.14 0.35 0.5  0.01 0.  ] [0.1  0.07 0.78 0.05 0.  ] [0.34 0.08 0.58 0.   0.  ] [0.05 0.69 0.24 0.01 0.01] [0.01 0.   0.   0.03 0.96] [0.12 0.08 0.4  0.03 0.37] [0.61 0.02 0.36 0.01 0.  ] [0.08 0.36 0.55 0.01 0.  ] [0.45 0.   0.06 0.39 0.1 ] [0.   0.   0.   0.01 0.99] [0.29 0.04 0.14 0.14 0.39] [0.21 0.07 0.09 0.29 0.34] [0.01 0.13 0.86 0.   0.  ] [0.09 0.6  0.31 0.   0.  ] [0.05 0.   0.01 0.27 0.67] [0.   0.79 0.21 0.   0.  ] [0.09 0.   0.01 0.42 0.48] [0.19 0.37 0.36 0.06 0.02] [0.01 0.   0.   0.06 0.93] [0.46 0.01 0.18 0.19 0.16] [0. 0. 0. 0. 1.] [0.04 0.43 0.53 0.   0.  ] [0.02 0.41 0.56 0.01 0.  ] [0.22 0.01 0.03 0.66 0.08] [0.1  0.47 0.42 0.01 0.  ] [0.37 0.14 0.31 0.12 0.06] [0.29 0.   0.05 0.37 0.29] [0.64 0.01 0.14 0.16 0.05] [0. 0. 0. 0. 1.] [0.27 0.33 0.34 0.05 0.01] [0.34 0.02 0.06 0.34 0.24] [0.56 0.   0.42 0.02 0.  ] [0.05 0.03 0.05 0.02 0.85] [0.57 0.   0.17 0.2  0.06] [0.41 0.06 0.39 0.05 0.09] [0.34 0.2  0.36 0.09 0.01] [0.39 0.09 0.41 0.04 0.07] [0.01 0.79 0.18 0.02 0.  ] [0.28 0.18 0.5  0.03 0.01] [0. 0. 0. 0. 1.] [0.06 0.   0.02 0.62 0.3 ] [0.02 0.01 0.06 0.47 0.44] [0.37 0.05 0.35 0.06 0.17] [0.73 0.02 0.15 0.05 0.05] [0.   0.   0.01 0.02 0.97] [0.69 0.08 0.22 0.01 0.  ] [0.08 0.   0.03 0.16 0.73] [0.   0.   0.   0.16 0.84] [0.01 0.   0.   0.21 0.78] [0.14 0.25 0.54 0.04 0.03] [0.   0.   0.   0.25 0.75] [0.08 0.21 0.69 0.01 0.01] [0.11 0.12 0.75 0.01 0.01] [0.15 0.   0.   0.35 0.5 ] [0. 0. 0. 0. 1.] [0.29 0.05 0.09 0.46 0.11] [0.19 0.03 0.24 0.36 0.18] [0.18 0.27 0.55 0.   0.  ] [0.04 0.21 0.75 0.   0.  ] [0.22 0.05 0.43 0.12 0.18] [0.09 0.21 0.69 0.01 0.  ] [0. 0. 0. 0. 1.] [0.1  0.04 0.78 0.06 0.02] [0.38 0.03 0.54 0.04 0.01] [0.17 0.23 0.6  0.   0.  ] [0.12 0.   0.04 0.81 0.03] [0. 0. 0. 0. 1.] [0.35 0.06 0.08 0.29 0.22] [0.11 0.29 0.6  0.   0.  ] [0.44 0.05 0.21 0.21 0.09] [0.41 0.11 0.21 0.18 0.09] [0.28 0.04 0.09 0.44 0.15] [0.   0.78 0.22 0.   0.  ] [0.04 0.44 0.51 0.01 0.  ] [0.21 0.01 0.07 0.22 0.49] [0.35 0.22 0.3  0.11 0.02] [0.12 0.28 0.58 0.02 0.  ] [0.02 0.65 0.33 0.   0.  ] [0.03 0.69 0.28 0.   0.  ] [0.   0.   0.   0.01 0.99] [0.08 0.24 0.67 0.01 0.  ] [0.34 0.21 0.31 0.08 0.06] [0.04 0.   0.03 0.33 0.6 ] [0.25 0.09 0.21 0.17 0.28] [0.57 0.03 0.12 0.24 0.04] [0.06 0.43 0.47 0.04 0.  ] [0.1  0.15 0.74 0.01 0.  ] [0.   0.56 0.44 0.   0.  ] [0.02 0.   0.02 0.   0.96] [0.35 0.06 0.26 0.2  0.13] [0.   0.   0.   0.09 0.91] [0.14 0.   0.04 0.61 0.21] [0.24 0.16 0.6  0.   0.  ] [0.46 0.12 0.38 0.02 0.02] [0.26 0.01 0.   0.64 0.09] [0.07 0.   0.01 0.45 0.47] [0.21 0.02 0.19 0.34 0.24] [0.4  0.04 0.23 0.28 0.05] [0.05 0.59 0.36 0.   0.  ] [0.02 0.   0.02 0.15 0.81] [0.01 0.   0.   0.   0.99] [0.49 0.05 0.3  0.12 0.04] [0.56 0.09 0.3  0.03 0.02] [0.53 0.02 0.38 0.04 0.03] [0.37 0.02 0.19 0.34 0.08] [0.53 0.03 0.19 0.2  0.05] [0.01 0.   0.   0.18 0.81] [0.5  0.03 0.46 0.01 0.  ] [0.23 0.08 0.36 0.32 0.01] [0.33 0.01 0.1  0.48 0.08] [0.02 0.26 0.72 0.   0.  ] [0.21 0.21 0.46 0.11 0.01] [0.44 0.1  0.3  0.09 0.07] [0.   0.   0.   0.04 0.96] [0.14 0.27 0.48 0.11 0.  ] [0.21 0.26 0.52 0.01 0.  ] [0.45 0.09 0.45 0.01 0.  ] [0.47 0.1  0.43 0.   0.  ] [0.28 0.01 0.12 0.47 0.12] [0.4  0.01 0.13 0.41 0.05] [0.16 0.11 0.68 0.03 0.02] [0.27 0.06 0.13 0.17 0.37] [0.43 0.08 0.24 0.21 0.04] [0.05 0.22 0.67 0.04 0.02] [0.1  0.   0.03 0.48 0.39] [0.31 0.04 0.22 0.39 0.04] [0.68 0.05 0.12 0.1  0.05] [0.27 0.12 0.59 0.01 0.01] [0.52 0.01 0.02 0.38 0.07] [0. 0. 0. 0. 1.] [0.2  0.04 0.14 0.45 0.17] [0.39 0.11 0.23 0.14 0.13],4 3 2 0 2 4 4 0 2 3 2 1 1 2 2 4 2 2 2 1 4 4 2 2 3 4 3 3 1 1 4 1 3 2 4 0 4 1 2 3 2 2 3 0 4 1 0 2 4 0 2 1 2 1 2 4 4 3 0 0 4 2 4 4 4 1 4 2 2 3 4 0 2 2 2 2 2 4 2 0 2 3 4 4 2 3 0 0 1 1 4 2 2 1 1 4 2 2 4 0 0 1 2 2 4 0 4 3 2 1 3 4 3 0 1 4 4 0 0 2 3 3 4 0 3 3 2 2 0 4 1 1 0 2 4 0 0 3 2 2 4 0 0 1 0 4 3 3
188,1,random_forest,0.5,14,0,0.6326530612244898,0.8970491488424137,[0.17 0.22 0.55 0.   0.06] [0.37 0.02 0.16 0.32 0.13] [0.   0.41 0.56 0.02 0.01] [0.28 0.05 0.57 0.1  0.  ] [0. 0. 0. 0. 1.] [0.01 0.24 0.75 0.   0.  ] [0.09 0.37 0.47 0.05 0.02] [0.35 0.03 0.21 0.22 0.19] [0.35 0.01 0.09 0.38 0.17] [0.01 0.14 0.85 0.   0.  ] [0.01 0.   0.02 0.35 0.62] [0.32 0.12 0.32 0.21 0.03] [0.25 0.01 0.7  0.03 0.01] [0.02 0.04 0.94 0.   0.  ] [0.14 0.33 0.49 0.03 0.01] [0.22 0.   0.03 0.42 0.33] [0.38 0.04 0.25 0.28 0.05] [0.   0.   0.   0.13 0.87] [0. 0. 0. 0. 1.] [0.03 0.45 0.47 0.05 0.  ] [0.15 0.13 0.65 0.01 0.06] [0.   0.1  0.89 0.01 0.  ] [0.13 0.05 0.2  0.2  0.42] [0.02 0.22 0.74 0.01 0.01] [0.3  0.05 0.46 0.15 0.04] [0.12 0.07 0.11 0.61 0.09] [0.2  0.08 0.61 0.11 0.  ] [0.37 0.   0.12 0.23 0.28] [0.29 0.24 0.34 0.12 0.01] [0.24 0.09 0.5  0.13 0.04] [0.03 0.   0.   0.16 0.81] [0.24 0.12 0.57 0.05 0.02] [0.01 0.   0.03 0.15 0.81] [0.05 0.   0.01 0.26 0.68] [0.51 0.05 0.36 0.06 0.02] [0.47 0.   0.22 0.25 0.06] [0.22 0.39 0.36 0.02 0.01] [0.21 0.02 0.14 0.24 0.39] [0.17 0.01 0.01 0.12 0.69] [0.08 0.   0.03 0.08 0.81] [0.32 0.02 0.55 0.03 0.08] [0.02 0.   0.03 0.61 0.34] [0.03 0.   0.   0.   0.97] [0.4  0.01 0.05 0.39 0.15] [0.27 0.2  0.51 0.02 0.  ] [0.14 0.06 0.78 0.02 0.  ] [0.09 0.   0.13 0.39 0.39] [0.12 0.   0.01 0.22 0.65] [0.2  0.09 0.13 0.48 0.1 ] [0.29 0.19 0.41 0.04 0.07] [0.01 0.   0.01 0.49 0.49] [0.1  0.27 0.63 0.   0.  ] [0.18 0.08 0.61 0.12 0.01] [0.04 0.47 0.47 0.02 0.  ] [0.05 0.73 0.21 0.   0.01] [0.09 0.   0.05 0.38 0.48] [0.07 0.33 0.56 0.03 0.01] [0.07 0.13 0.79 0.   0.01] [0.28 0.03 0.23 0.36 0.1 ] [0.  0.  0.  0.1 0.9] [0.01 0.1  0.88 0.01 0.  ] [0.23 0.15 0.4  0.1  0.12] [0.1  0.   0.05 0.38 0.47] [0.11 0.34 0.36 0.17 0.02] [0.   0.92 0.08 0.   0.  ] [0.03 0.25 0.71 0.01 0.  ] [0.08 0.   0.01 0.47 0.44] [0.   0.96 0.04 0.   0.  ] [0.14 0.11 0.63 0.11 0.01] [0.44 0.01 0.06 0.45 0.04] [0.09 0.3  0.57 0.02 0.02] [0.16 0.   0.04 0.52 0.28] [0.14 0.12 0.71 0.01 0.02] [0.01 0.56 0.43 0.   0.  ] [0.29 0.13 0.58 0.   0.  ] [0. 0. 0. 0. 1.] [0.06 0.02 0.08 0.73 0.11] [0.43 0.09 0.35 0.09 0.04] [0.22 0.04 0.58 0.14 0.02] [0.09 0.15 0.74 0.   0.02] [0.01 0.   0.   0.   0.99] [0. 0. 0. 0. 1.] [0.2  0.   0.04 0.7  0.06] [0.02 0.36 0.61 0.01 0.  ] [0.18 0.06 0.17 0.56 0.03] [0.28 0.07 0.39 0.21 0.05] [0.2  0.03 0.04 0.31 0.42] [0.32 0.06 0.23 0.27 0.12] [0.15 0.25 0.55 0.03 0.02] [0. 0. 0. 0. 1.] [0.01 0.73 0.25 0.   0.01] [0.67 0.   0.18 0.14 0.01] [0.09 0.11 0.7  0.04 0.06] [0.2  0.03 0.17 0.48 0.12] [0.03 0.   0.   0.12 0.85] [0.02 0.   0.01 0.12 0.85] [0.05 0.   0.   0.18 0.77] [0.   0.63 0.37 0.   0.  ] [0. 0. 0. 0. 1.] [0.05 0.27 0.67 0.01 0.  ] [0.43 0.13 0.22 0.18 0.04] [0. 0. 0. 0. 1.] [0.04 0.01 0.04 0.75 0.16] [0.03 0.17 0.8  0.   0.  ] [0.58 0.06 0.19 0.17 0.  ] [0.39 0.08 0.47 0.05 0.01] [0. 0. 0. 0. 1.] [0.07 0.45 0.48 0.   0.  ] [0.03 0.18 0.79 0.   0.  ] [0.07 0.   0.   0.7  0.23] [0.01 0.26 0.72 0.01 0.  ] [0. 0. 0. 0. 1.] [0.33 0.05 0.3  0.26 0.06] [0.44 0.16 0.33 0.07 0.  ] [0.37 0.22 0.28 0.1  0.03] [0.07 0.   0.04 0.52 0.37] [0.17 0.06 0.74 0.01 0.02] [0. 0. 0. 0. 1.] [0.09 0.   0.02 0.32 0.57] [0.15 0.01 0.03 0.11 0.7 ] [0.06 0.08 0.08 0.56 0.22] [0.11 0.   0.13 0.07 0.69] [0.25 0.17 0.49 0.07 0.02] [0.53 0.   0.16 0.28 0.03] [0.03 0.24 0.68 0.05 0.  ] [0.   0.54 0.46 0.   0.  ] [0.46 0.02 0.45 0.07 0.  ] [0.1  0.36 0.51 0.02 0.01] [0.22 0.03 0.09 0.22 0.44] [0.1  0.3  0.52 0.06 0.02] [0.16 0.04 0.31 0.36 0.13] [0.22 0.01 0.12 0.42 0.23] [0.01 0.   0.01 0.17 0.81] [0.09 0.39 0.51 0.   0.01] [0.35 0.01 0.55 0.07 0.02] [0.41 0.05 0.24 0.3  0.  ] [0.09 0.46 0.44 0.   0.01] [0.19 0.   0.   0.37 0.44] [0.01 0.42 0.56 0.01 0.  ] [0.14 0.26 0.48 0.08 0.04] [0.55 0.08 0.18 0.15 0.04] [0.07 0.07 0.82 0.02 0.02] [0.01 0.   0.   0.   0.99] [0.16 0.09 0.68 0.   0.07] [0.41 0.08 0.32 0.16 0.03] [0.16 0.11 0.72 0.   0.01] [0.01 0.37 0.62 0.   0.  ],2 3 1 2 4 2 2 3 3 2 4 1 0 1 1 4 2 4 4 2 2 1 4 1 2 3 0 0 2 2 4 2 4 4 2 2 2 4 4 4 0 3 4 3 0 2 3 4 3 1 3 1 2 2 2 3 2 2 0 4 2 0 3 1 1 2 3 1 2 3 2 3 0 2 0 4 4 0 0 0 4 4 3 2 3 2 3 2 1 4 1 0 0 0 4 4 4 1 4 2 2 4 3 2 0 2 4 1 2 3 1 4 0 1 0 3 2 4 4 4 3 4 2 4 2 1 0 2 4 0 2 0 4 1 0 0 2 4 1 0 0 2 4 0 2 2 1
188,2,random_forest,0.5,14,0,0.7006802721088435,0.9260113729194067,[0.   0.77 0.22 0.   0.01] [0.01 0.36 0.63 0.   0.  ] [0. 0. 0. 0. 1.] [0.39 0.06 0.44 0.04 0.07] [0.21 0.2  0.58 0.01 0.  ] [0.24 0.14 0.6  0.   0.02] [0.17 0.12 0.07 0.03 0.61] [0.19 0.24 0.55 0.   0.02] [0.29 0.28 0.38 0.01 0.04] [0.09 0.05 0.01 0.73 0.12] [0.16 0.44 0.16 0.13 0.11] [0.46 0.12 0.36 0.02 0.04] [0.11 0.   0.   0.53 0.36] [0.08 0.42 0.49 0.01 0.  ] [0. 0. 0. 0. 1.] [0.26 0.   0.07 0.47 0.2 ] [0.01 0.13 0.83 0.01 0.02] [0.48 0.03 0.31 0.17 0.01] [0.46 0.08 0.13 0.26 0.07] [0.06 0.52 0.41 0.   0.01] [0.47 0.03 0.09 0.29 0.12] [0.29 0.01 0.03 0.53 0.14] [0.36 0.01 0.04 0.35 0.24] [0.44 0.06 0.41 0.03 0.06] [0.04 0.74 0.19 0.01 0.02] [0.17 0.11 0.54 0.11 0.07] [0.1  0.27 0.61 0.02 0.  ] [0.01 0.47 0.5  0.02 0.  ] [0. 0. 0. 0. 1.] [0.06 0.56 0.35 0.03 0.  ] [0.2  0.03 0.08 0.64 0.05] [0. 0. 0. 0. 1.] [0.04 0.46 0.5  0.   0.  ] [0.26 0.09 0.59 0.03 0.03] [0.03 0.55 0.41 0.   0.01] [0.43 0.04 0.53 0.   0.  ] [0.07 0.45 0.48 0.   0.  ] [0.44 0.   0.15 0.34 0.07] [0. 0. 0. 0. 1.] [0.   0.   0.   0.05 0.95] [0.01 0.93 0.05 0.01 0.  ] [0.05 0.3  0.64 0.   0.01] [0.05 0.14 0.81 0.   0.  ] [0.   0.   0.01 0.01 0.98] [0.68 0.03 0.15 0.14 0.  ] [0.02 0.   0.   0.13 0.85] [0.1  0.24 0.63 0.02 0.01] [0.32 0.17 0.34 0.11 0.06] [0.07 0.11 0.8  0.02 0.  ] [0.03 0.   0.02 0.15 0.8 ] [0.24 0.06 0.25 0.35 0.1 ] [0.02 0.   0.02 0.14 0.82] [0.2  0.15 0.63 0.01 0.01] [0.33 0.18 0.42 0.06 0.01] [0.51 0.05 0.4  0.03 0.01] [0.21 0.01 0.09 0.15 0.54] [0.23 0.2  0.54 0.01 0.02] [0.01 0.   0.   0.   0.99] [0.06 0.41 0.49 0.01 0.03] [0.14 0.4  0.34 0.09 0.03] [0.25 0.01 0.04 0.59 0.11] [0.07 0.28 0.6  0.04 0.01] [0.26 0.03 0.03 0.55 0.13] [0.21 0.18 0.58 0.01 0.02] [0.22 0.06 0.1  0.35 0.27] [0.1  0.1  0.76 0.01 0.03] [0.25 0.14 0.39 0.2  0.02] [0.24 0.01 0.13 0.56 0.06] [0.37 0.02 0.3  0.23 0.08] [0.15 0.01 0.05 0.29 0.5 ] [0.01 0.   0.01 0.15 0.83] [0.   0.   0.01 0.   0.99] [0.11 0.   0.06 0.15 0.68] [0.05 0.01 0.   0.42 0.52] [0.1  0.23 0.64 0.01 0.02] [0.01 0.8  0.19 0.   0.  ] [0.11 0.06 0.23 0.44 0.16] [0.14 0.07 0.41 0.32 0.06] [0.07 0.31 0.6  0.01 0.01] [0.15 0.   0.07 0.55 0.23] [0.01 0.   0.   0.   0.99] [0.01 0.   0.   0.04 0.95] [0.29 0.01 0.13 0.43 0.14] [0.11 0.31 0.52 0.06 0.  ] [0.03 0.4  0.54 0.03 0.  ] [0.01 0.44 0.55 0.   0.  ] [0.04 0.   0.02 0.48 0.46] [0.09 0.   0.04 0.48 0.39] [0.06 0.55 0.38 0.01 0.  ] [0.05 0.64 0.27 0.02 0.02] [0.19 0.15 0.63 0.01 0.02] [0.04 0.45 0.49 0.01 0.01] [0.09 0.06 0.18 0.62 0.05] [0.21 0.02 0.04 0.07 0.66] [0.41 0.18 0.21 0.14 0.06] [0.04 0.   0.01 0.26 0.69] [0.03 0.35 0.59 0.03 0.  ] [0.03 0.78 0.19 0.   0.  ] [0.31 0.2  0.24 0.17 0.08] [0.16 0.   0.17 0.51 0.16] [0.07 0.02 0.07 0.56 0.28] [0.02 0.   0.   0.   0.98] [0.   0.   0.   0.13 0.87] [0.24 0.   0.04 0.65 0.07] [0.08 0.38 0.49 0.02 0.03] [0.55 0.02 0.37 0.06 0.  ] [0.   0.95 0.05 0.   0.  ] [0.28 0.   0.09 0.52 0.11] [0.08 0.49 0.41 0.02 0.  ] [0.03 0.   0.02 0.28 0.67] [0.24 0.14 0.58 0.03 0.01] [0.1  0.08 0.8  0.   0.02] [0.18 0.01 0.04 0.29 0.48] [0.04 0.61 0.33 0.02 0.  ] [0.19 0.29 0.49 0.03 0.  ] [0.26 0.   0.05 0.27 0.42] [0.17 0.4  0.43 0.   0.  ] [0.54 0.02 0.18 0.22 0.04] [0.24 0.22 0.44 0.07 0.03] [0.03 0.   0.   0.31 0.66] [0.41 0.01 0.22 0.26 0.1 ] [0.56 0.01 0.12 0.28 0.03] [0.36 0.14 0.39 0.1  0.01] [0.28 0.03 0.18 0.34 0.17] [0.18 0.28 0.53 0.01 0.  ] [0.09 0.19 0.69 0.01 0.02] [0.03 0.53 0.44 0.   0.  ] [0.48 0.04 0.47 0.01 0.  ] [0.06 0.57 0.35 0.02 0.  ] [0.09 0.05 0.09 0.05 0.72] [0.18 0.   0.02 0.4  0.4 ] [0.33 0.   0.08 0.49 0.1 ] [0.65 0.06 0.26 0.02 0.01] [0.02 0.   0.   0.01 0.97] [0.31 0.01 0.05 0.03 0.6 ] [0.3  0.03 0.33 0.29 0.05] [0.29 0.03 0.02 0.05 0.61] [0.21 0.31 0.37 0.09 0.02] [0.47 0.12 0.36 0.04 0.01] [0.33 0.27 0.26 0.12 0.02] [0.43 0.02 0.34 0.19 0.02] [0.16 0.54 0.24 0.02 0.04] [0.13 0.01 0.16 0.56 0.14] [0.15 0.04 0.17 0.52 0.12] [0.18 0.02 0.15 0.35 0.3 ] [0.16 0.09 0.4  0.3  0.05] [0. 0. 0. 0. 1.],1 1 4 2 2 1 4 2 2 3 0 2 4 2 4 3 2 0 0 1 0 3 3 2 1 0 1 2 4 2 3 4 1 0 2 0 1 0 4 4 1 2 2 4 0 4 1 2 2 4 0 4 2 1 2 4 1 4 1 2 3 2 3 2 3 2 0 3 0 3 4 4 4 4 1 1 3 0 2 3 4 4 0 2 2 1 4 3 2 1 2 2 0 4 0 4 2 1 2 3 4 4 4 3 2 0 1 3 2 4 2 2 4 1 2 3 2 0 2 4 0 3 2 3 2 2 2 0 1 4 4 0 0 4 4 0 4 2 0 2 0 2 4 3 3 0 4
188,3,random_forest,0.5,14,0,0.6326530612244898,0.896550620418032,[0.36 0.05 0.12 0.39 0.08] [0.31 0.03 0.14 0.41 0.11] [0.45 0.08 0.32 0.11 0.04] [0.29 0.1  0.42 0.12 0.07] [0.18 0.01 0.1  0.25 0.46] [0.   0.   0.   0.25 0.75] [0.35 0.09 0.14 0.33 0.09] [0.13 0.   0.01 0.42 0.44] [0.14 0.13 0.69 0.02 0.02] [0.32 0.03 0.26 0.26 0.13] [0. 0. 0. 0. 1.] [0.23 0.23 0.48 0.03 0.03] [0.29 0.07 0.62 0.02 0.  ] [0.02 0.51 0.47 0.   0.  ] [0.11 0.01 0.04 0.1  0.74] [0.04 0.46 0.5  0.   0.  ] [0.07 0.   0.04 0.29 0.6 ] [0.33 0.11 0.3  0.2  0.06] [0.28 0.03 0.67 0.01 0.01] [0.05 0.03 0.02 0.22 0.68] [0.02 0.15 0.83 0.   0.  ] [0.31 0.04 0.28 0.25 0.12] [0.01 0.   0.   0.12 0.87] [0.16 0.07 0.73 0.04 0.  ] [0.24 0.09 0.28 0.07 0.32] [0.34 0.02 0.05 0.53 0.06] [0.45 0.17 0.27 0.08 0.03] [0.07 0.35 0.58 0.   0.  ] [0.43 0.06 0.2  0.19 0.12] [0.15 0.01 0.04 0.31 0.49] [0.34 0.06 0.25 0.23 0.12] [0.21 0.22 0.56 0.   0.01] [0. 0. 0. 0. 1.] [0.16 0.01 0.01 0.23 0.59] [0.2  0.   0.11 0.36 0.33] [0.25 0.22 0.48 0.   0.05] [0.11 0.08 0.81 0.   0.  ] [0.07 0.08 0.8  0.04 0.01] [0.06 0.   0.06 0.38 0.5 ] [0.17 0.3  0.46 0.07 0.  ] [0.23 0.14 0.3  0.25 0.08] [0.01 0.   0.   0.08 0.91] [0.09 0.39 0.51 0.   0.01] [0.19 0.22 0.22 0.28 0.09] [0.12 0.32 0.56 0.   0.  ] [0.14 0.46 0.36 0.03 0.01] [0. 0. 0. 0. 1.] [0.06 0.47 0.47 0.   0.  ] [0.01 0.   0.   0.07 0.92] [0.45 0.06 0.12 0.27 0.1 ] [0.16 0.16 0.63 0.05 0.  ] [0.18 0.11 0.7  0.01 0.  ] [0.28 0.01 0.08 0.36 0.27] [0.09 0.12 0.78 0.01 0.  ] [0.54 0.   0.09 0.35 0.02] [0.04 0.31 0.65 0.   0.  ] [0.04 0.46 0.5  0.   0.  ] [0.53 0.08 0.17 0.15 0.07] [0.02 0.   0.   0.   0.98] [0.02 0.   0.02 0.55 0.41] [0.  0.9 0.1 0.  0. ] [0.05 0.   0.01 0.83 0.11] [0.09 0.32 0.58 0.01 0.  ] [0.   0.   0.   0.33 0.67] [0.3  0.02 0.05 0.33 0.3 ] [0.15 0.32 0.52 0.01 0.  ] [0.07 0.54 0.39 0.   0.  ] [0.05 0.   0.04 0.24 0.67] [0.07 0.01 0.02 0.46 0.44] [0.34 0.01 0.02 0.31 0.32] [0.45 0.02 0.05 0.35 0.13] [0.02 0.   0.02 0.28 0.68] [0.04 0.61 0.34 0.01 0.  ] [0.4  0.05 0.09 0.26 0.2 ] [0.31 0.04 0.08 0.42 0.15] [0.09 0.09 0.12 0.47 0.23] [0.44 0.01 0.07 0.18 0.3 ] [0.2  0.24 0.52 0.04 0.  ] [0.1  0.   0.08 0.6  0.22] [0.08 0.21 0.69 0.02 0.  ] [0.05 0.   0.01 0.32 0.62] [0.01 0.   0.   0.42 0.57] [0.23 0.03 0.2  0.11 0.43] [0.39 0.13 0.12 0.27 0.09] [0.32 0.05 0.17 0.26 0.2 ] [0.28 0.31 0.39 0.02 0.  ] [0.45 0.06 0.28 0.13 0.08] [0.32 0.09 0.3  0.1  0.19] [0.01 0.18 0.81 0.   0.  ] [0.02 0.75 0.23 0.   0.  ] [0. 0. 0. 0. 1.] [0. 0. 0. 0. 1.] [0.27 0.16 0.4  0.13 0.04] [0.   0.   0.01 0.1  0.89] [0.45 0.06 0.43 0.02 0.04] [0.08 0.   0.01 0.21 0.7 ] [0.04 0.   0.02 0.2  0.74] [0.39 0.05 0.47 0.08 0.01] [0.37 0.06 0.46 0.1  0.01] [0.1  0.01 0.02 0.35 0.52] [0.08 0.17 0.75 0.   0.  ] [0.05 0.37 0.52 0.05 0.01] [0. 0. 0. 0. 1.] [0.2  0.1  0.16 0.23 0.31] [0.49 0.06 0.12 0.3  0.03] [0.56 0.04 0.38 0.   0.02] [0.1  0.38 0.47 0.04 0.01] [0.17 0.35 0.45 0.03 0.  ] [0.2  0.29 0.47 0.04 0.  ] [0.02 0.93 0.05 0.   0.  ] [0.17 0.01 0.04 0.53 0.25] [0.38 0.07 0.34 0.18 0.03] [0.3  0.04 0.16 0.36 0.14] [0.03 0.24 0.71 0.02 0.  ] [0.13 0.   0.25 0.42 0.2 ] [0.4  0.16 0.28 0.07 0.09] [0.01 0.   0.01 0.   0.98] [0.45 0.04 0.03 0.27 0.21] [0.43 0.2  0.35 0.01 0.01] [0.12 0.22 0.61 0.   0.05] [0.   0.   0.02 0.12 0.86] [0.19 0.37 0.25 0.06 0.13] [0.3  0.08 0.59 0.02 0.01] [0.03 0.41 0.56 0.   0.  ] [0.13 0.   0.01 0.14 0.72] [0.59 0.08 0.31 0.01 0.01] [0.09 0.26 0.65 0.   0.  ] [0.04 0.64 0.32 0.   0.  ] [0.01 0.54 0.43 0.02 0.  ] [0.02 0.69 0.29 0.   0.  ] [0.24 0.18 0.48 0.07 0.03] [0.22 0.   0.18 0.34 0.26] [0.11 0.27 0.61 0.   0.01] [0. 0. 0. 0. 1.] [0. 0. 0. 0. 1.] [0.04 0.64 0.3  0.02 0.  ] [0.1  0.15 0.74 0.01 0.  ] [0.25 0.22 0.48 0.05 0.  ] [0.29 0.12 0.47 0.01 0.11] [0.01 0.   0.01 0.01 0.97] [0.01 0.   0.   0.09 0.9 ] [0.32 0.05 0.13 0.4  0.1 ] [0.12 0.02 0.86 0.   0.  ] [0.11 0.44 0.44 0.   0.01] [0.3  0.11 0.48 0.11 0.  ] [0.08 0.26 0.63 0.   0.03] [0.17 0.29 0.47 0.02 0.05],0 3 0 1 3 3 0 4 2 0 4 0 2 1 4 2 3 2 0 4 2 3 4 2 4 3 2 1 0 3 0 2 4 4 4 2 2 1 4 1 0 4 2 0 2 2 4 2 4 0 2 2 3 2 0 1 1 0 4 3 1 3 1 4 3 0 2 4 4 4 3 4 1 0 3 3 3 2 0 1 4 4 4 0 3 2 3 3 1 1 4 4 2 4 2 4 4 0 2 3 2 2 4 4 0 2 2 1 2 1 3 2 2 2 0 0 4 0 2 2 4 2 0 1 4 2 2 1 2 1 0 0 2 4 4 1 2 1 2 4 4 3 0 2 2 2 1
188,4,random_forest,0.5,14,0,0.7074829931972789,0.9229331700318714,[0.09 0.46 0.44 0.01 0.  ] [0.15 0.21 0.55 0.07 0.02] [0.62 0.05 0.17 0.1  0.06] [0.09 0.1  0.12 0.58 0.11] [0.02 0.   0.   0.31 0.67] [0.37 0.24 0.35 0.01 0.03] [0.04 0.   0.   0.64 0.32] [0.45 0.06 0.07 0.23 0.19] [0.03 0.31 0.65 0.01 0.  ] [0.22 0.08 0.62 0.04 0.04] [0.46 0.05 0.2  0.23 0.06] [0.21 0.13 0.4  0.23 0.03] [0. 0. 0. 0. 1.] [0.27 0.2  0.52 0.01 0.  ] [0.01 0.   0.   0.15 0.84] [0.33 0.04 0.09 0.47 0.07] [0.04 0.17 0.78 0.   0.01] [0.06 0.16 0.74 0.04 0.  ] [0.04 0.   0.01 0.12 0.83] [0.01 0.   0.   0.33 0.66] [0.01 0.   0.   0.01 0.98] [0.56 0.05 0.39 0.   0.  ] [0.01 0.32 0.57 0.1  0.  ] [0.15 0.15 0.65 0.03 0.02] [0.29 0.08 0.31 0.25 0.07] [0.2  0.01 0.11 0.56 0.12] [0.05 0.07 0.88 0.   0.  ] [0.06 0.   0.   0.42 0.52] [0.01 0.   0.   0.04 0.95] [0.11 0.01 0.06 0.06 0.76] [0.31 0.03 0.28 0.33 0.05] [0.04 0.   0.   0.18 0.78] [0.3  0.15 0.55 0.   0.  ] [0.45 0.02 0.07 0.35 0.11] [0.18 0.05 0.07 0.59 0.11] [0.19 0.33 0.47 0.   0.01] [0.01 0.1  0.88 0.01 0.  ] [0. 0. 0. 0. 1.] [0.17 0.19 0.18 0.38 0.08] [0.07 0.02 0.   0.58 0.33] [0. 0. 0. 0. 1.] [0. 0. 0. 0. 1.] [0.02 0.68 0.3  0.   0.  ] [0.01 0.89 0.09 0.01 0.  ] [0. 0. 0. 0. 1.] [0.3  0.32 0.32 0.03 0.03] [0.02 0.51 0.46 0.01 0.  ] [0.02 0.53 0.43 0.02 0.  ] [0.07 0.18 0.75 0.   0.  ] [0.83 0.01 0.14 0.02 0.  ] [0.22 0.15 0.49 0.14 0.  ] [0.06 0.19 0.15 0.06 0.54] [0.33 0.08 0.57 0.02 0.  ] [0.07 0.   0.01 0.69 0.23] [0.06 0.59 0.31 0.04 0.  ] [0. 0. 0. 0. 1.] [0.25 0.09 0.46 0.05 0.15] [0.43 0.15 0.37 0.04 0.01] [0.04 0.37 0.59 0.   0.  ] [0.16 0.1  0.52 0.18 0.04] [0.44 0.   0.02 0.29 0.25] [0.1  0.12 0.69 0.06 0.03] [0.15 0.   0.11 0.68 0.06] [0.14 0.   0.   0.52 0.34] [0.13 0.4  0.46 0.01 0.  ] [0.17 0.01 0.05 0.29 0.48] [0.04 0.73 0.23 0.   0.  ] [0.34 0.02 0.08 0.52 0.04] [0.   0.   0.01 0.11 0.88] [0.12 0.38 0.48 0.01 0.01] [0.03 0.73 0.24 0.   0.  ] [0.45 0.14 0.08 0.18 0.15] [0.41 0.   0.07 0.47 0.05] [0.21 0.07 0.68 0.03 0.01] [0. 0. 0. 0. 1.] [0.32 0.02 0.17 0.45 0.04] [0. 0. 0. 0. 1.] [0.01 0.   0.01 0.01 0.97] [0.01 0.   0.02 0.2  0.77] [0.36 0.06 0.55 0.02 0.01] [0.06 0.11 0.82 0.   0.01] [0.03 0.3  0.65 0.01 0.01] [0.   0.82 0.17 0.01 0.  ] [0.1 0.  0.  0.2 0.7] [0.2  0.32 0.47 0.   0.01] [0.19 0.19 0.57 0.05 0.  ] [0.06 0.3  0.64 0.   0.  ] [0.22 0.24 0.54 0.   0.  ] [0.02 0.3  0.68 0.   0.  ] [0.09 0.   0.04 0.19 0.68] [0.38 0.15 0.38 0.09 0.  ] [0.21 0.12 0.44 0.14 0.09] [0. 0. 0. 0. 1.] [0.44 0.13 0.17 0.2  0.06] [0.17 0.2  0.59 0.02 0.02] [0.05 0.   0.   0.41 0.54] [0.23 0.12 0.57 0.05 0.03] [0.21 0.12 0.67 0.   0.  ] [0.38 0.02 0.2  0.33 0.07] [0.06 0.02 0.08 0.51 0.33] [0.04 0.   0.   0.17 0.79] [0.01 0.46 0.52 0.01 0.  ] [0.03 0.   0.02 0.11 0.84] [0.46 0.01 0.07 0.39 0.07] [0.62 0.06 0.28 0.04 0.  ] [0.02 0.28 0.7  0.   0.  ] [0. 0. 0. 0. 1.] [0.14 0.05 0.11 0.24 0.46] [0.17 0.16 0.65 0.02 0.  ] [0.01 0.   0.01 0.   0.98] [0. 0. 0. 0. 1.] [0. 0. 0. 0. 1.] [0.06 0.21 0.73 0.   0.  ] [0. 0. 0. 0. 1.] [0.44 0.   0.03 0.37 0.16] [0.26 0.13 0.58 0.03 0.  ] [0.04 0.31 0.63 0.02 0.  ] [0.06 0.69 0.21 0.04 0.  ] [0.02 0.6  0.38 0.   0.  ] [0.01 0.23 0.75 0.   0.01] [0.02 0.   0.   0.11 0.87] [0.39 0.02 0.24 0.25 0.1 ] [0.24 0.   0.02 0.65 0.09] [0.08 0.25 0.67 0.   0.  ] [0.03 0.34 0.63 0.   0.  ] [0.05 0.01 0.1  0.08 0.76] [0.25 0.03 0.13 0.29 0.3 ] [0.3  0.11 0.48 0.08 0.03] [0.4  0.12 0.43 0.03 0.02] [0.18 0.11 0.69 0.02 0.  ] [0.32 0.01 0.03 0.3  0.34] [0.38 0.01 0.12 0.31 0.18] [0.14 0.18 0.65 0.02 0.01] [0.09 0.   0.   0.26 0.65] [0.49 0.06 0.4  0.04 0.01] [0.24 0.09 0.63 0.04 0.  ] [0.03 0.   0.   0.14 0.83] [0.39 0.09 0.51 0.01 0.  ] [0.37 0.03 0.38 0.18 0.04] [0. 0. 0. 0. 1.] [0.03 0.03 0.94 0.   0.  ] [0.73 0.04 0.11 0.12 0.  ] [0.31 0.33 0.21 0.15 0.  ] [0.41 0.09 0.1  0.38 0.02] [0.15 0.1  0.74 0.01 0.  ] [0.   0.83 0.17 0.   0.  ] [0.39 0.16 0.37 0.04 0.04],1 0 0 3 4 2 4 2 1 2 0 0 4 2 3 3 1 1 4 4 4 0 2 2 0 3 0 4 4 4 3 4 2 0 3 2 2 4 2 3 4 4 1 1 4 0 1 1 2 2 3 4 2 3 1 4 0 2 2 0 3 2 3 3 2 3 1 3 4 1 1 0 3 0 4 0 4 4 3 0 2 1 1 4 2 1 2 2 2 4 2 2 4 0 1 3 2 2 2 3 4 2 4 0 0 2 4 3 1 4 4 4 1 4 0 2 2 1 2 2 4 0 0 2 1 4 4 2 2 2 4 3 2 3 0 2 4 0 0 4 2 0 2 3 2 1 0
188,0,random_forest,0.5,50,50,0.36486486486486486,0.6284470052902178,[0.05 0.04 0.17 0.06 0.68] [0.16 0.14 0.34 0.11 0.25] [0.17 0.13 0.34 0.05 0.31] [0.11 0.18 0.25 0.26 0.2 ] [0.18 0.07 0.5  0.12 0.13] [0.15 0.22 0.31 0.16 0.16] [0.11 0.22 0.33 0.2  0.14] [0.11 0.08 0.43 0.13 0.25] [0.17 0.21 0.32 0.09 0.21] [0.2  0.12 0.35 0.08 0.25] [0.13 0.08 0.27 0.1  0.42] [0.2  0.16 0.44 0.07 0.13] [0.2  0.24 0.27 0.07 0.22] [0.21 0.15 0.31 0.15 0.18] [0.2  0.09 0.26 0.21 0.24] [0.19 0.16 0.19 0.14 0.32] [0.17 0.17 0.37 0.11 0.18] [0.19 0.02 0.35 0.13 0.31] [0.33 0.17 0.31 0.04 0.15] [0.2  0.22 0.29 0.09 0.2 ] [0.18 0.11 0.44 0.08 0.19] [0.18 0.15 0.17 0.15 0.35] [0.21 0.19 0.37 0.1  0.13] [0.16 0.18 0.36 0.04 0.26] [0.21 0.13 0.17 0.19 0.3 ] [0.17 0.22 0.28 0.13 0.2 ] [0.22 0.1  0.42 0.1  0.16] [0.2  0.27 0.32 0.11 0.1 ] [0.08 0.2  0.28 0.07 0.37] [0.21 0.19 0.33 0.1  0.17] [0.05 0.13 0.3  0.35 0.17] [0.15 0.31 0.26 0.09 0.19] [0.15 0.19 0.37 0.07 0.22] [0.2  0.09 0.27 0.24 0.2 ] [0.22 0.14 0.16 0.09 0.39] [0.13 0.25 0.4  0.11 0.11] [0.19 0.11 0.34 0.07 0.29] [0.14 0.2  0.27 0.26 0.13] [0.17 0.12 0.26 0.13 0.32] [0.24 0.06 0.26 0.26 0.18] [0.17 0.16 0.19 0.21 0.27] [0.23 0.2  0.28 0.1  0.19] [0.23 0.06 0.42 0.05 0.24] [0.22 0.1  0.25 0.25 0.18] [0.18 0.11 0.26 0.05 0.4 ] [0.16 0.2  0.38 0.09 0.17] [0.19 0.13 0.22 0.22 0.24] [0.16 0.13 0.31 0.14 0.26] [0.16 0.09 0.36 0.11 0.28] [0.29 0.09 0.29 0.12 0.21] [0.19 0.14 0.24 0.21 0.22] [0.23 0.17 0.28 0.23 0.09] [0.1  0.06 0.27 0.33 0.24] [0.26 0.14 0.28 0.14 0.18] [0.25 0.09 0.42 0.05 0.19] [0.18 0.18 0.22 0.08 0.34] [0.17 0.18 0.17 0.18 0.3 ] [0.24 0.18 0.23 0.18 0.17] [0.17 0.11 0.46 0.08 0.18] [0.16 0.18 0.33 0.05 0.28] [0.12 0.1  0.16 0.13 0.49] [0.22 0.2  0.28 0.08 0.22] [0.23 0.12 0.29 0.1  0.26] [0.23 0.12 0.26 0.17 0.22] [0.12 0.16 0.21 0.29 0.22] [0.11 0.16 0.36 0.13 0.24] [0.18 0.11 0.25 0.28 0.18] [0.2  0.11 0.37 0.06 0.26] [0.26 0.15 0.29 0.08 0.22] [0.2  0.1  0.31 0.15 0.24] [0.05 0.07 0.19 0.06 0.63] [0.2  0.15 0.4  0.1  0.15] [0.16 0.21 0.32 0.23 0.08] [0.14 0.14 0.29 0.11 0.32] [0.26 0.22 0.37 0.08 0.07] [0.17 0.15 0.47 0.12 0.09] [0.26 0.18 0.32 0.06 0.18] [0.21 0.17 0.21 0.12 0.29] [0.29 0.03 0.3  0.08 0.3 ] [0.24 0.18 0.25 0.25 0.08] [0.25 0.21 0.37 0.08 0.09] [0.13 0.15 0.42 0.19 0.11] [0.09 0.09 0.18 0.11 0.53] [0.24 0.06 0.31 0.19 0.2 ] [0.22 0.2  0.39 0.08 0.11] [0.17 0.11 0.24 0.29 0.19] [0.16 0.11 0.46 0.1  0.17] [0.1  0.12 0.27 0.24 0.27] [0.29 0.12 0.31 0.11 0.17] [0.21 0.12 0.29 0.17 0.21] [0.17 0.13 0.27 0.15 0.28] [0.21 0.15 0.26 0.23 0.15] [0.27 0.07 0.37 0.16 0.13] [0.21 0.1  0.18 0.24 0.27] [0.16 0.18 0.27 0.18 0.21] [0.11 0.11 0.23 0.19 0.36] [0.1  0.2  0.32 0.09 0.29] [0.1  0.19 0.23 0.21 0.27] [0.17 0.16 0.42 0.08 0.17] [0.11 0.15 0.37 0.12 0.25] [0.2  0.06 0.22 0.35 0.17] [0.18 0.15 0.33 0.22 0.12] [0.21 0.12 0.37 0.16 0.14] [0.22 0.05 0.26 0.24 0.23] [0.21 0.19 0.29 0.08 0.23] [0.19 0.16 0.29 0.12 0.24] [0.21 0.15 0.28 0.07 0.29] [0.25 0.15 0.19 0.18 0.23] [0.27 0.14 0.32 0.08 0.19] [0.22 0.16 0.3  0.08 0.24] [0.15 0.08 0.17 0.27 0.33] [0.29 0.14 0.25 0.19 0.13] [0.15 0.14 0.32 0.2  0.19] [0.2  0.14 0.27 0.13 0.26] [0.18 0.13 0.24 0.08 0.37] [0.25 0.1  0.36 0.15 0.14] [0.13 0.13 0.31 0.13 0.3 ] [0.18 0.11 0.23 0.19 0.29] [0.22 0.07 0.32 0.1  0.29] [0.26 0.18 0.34 0.04 0.18] [0.11 0.14 0.23 0.22 0.3 ] [0.25 0.16 0.23 0.17 0.19] [0.14 0.08 0.16 0.37 0.25] [0.23 0.06 0.45 0.08 0.18] [0.15 0.1  0.36 0.24 0.15] [0.17 0.11 0.23 0.23 0.26] [0.19 0.15 0.32 0.15 0.19] [0.15 0.14 0.39 0.09 0.23] [0.14 0.31 0.24 0.18 0.13] [0.25 0.07 0.23 0.24 0.21] [0.18 0.09 0.32 0.18 0.23] [0.16 0.26 0.33 0.07 0.18] [0.18 0.15 0.29 0.22 0.16] [0.11 0.16 0.34 0.1  0.29] [0.14 0.1  0.35 0.13 0.28] [0.19 0.15 0.3  0.14 0.22] [0.21 0.22 0.34 0.1  0.13] [0.21 0.08 0.53 0.06 0.12] [0.21 0.17 0.3  0.16 0.16] [0.2  0.14 0.4  0.07 0.19] [0.11 0.1  0.21 0.31 0.27] [0.28 0.11 0.32 0.16 0.13] [0.16 0.15 0.31 0.13 0.25] [0.22 0.08 0.31 0.15 0.24] [0.16 0.11 0.39 0.13 0.21] [0.06 0.02 0.11 0.02 0.79] [0.17 0.12 0.2  0.24 0.27] [0.11 0.11 0.28 0.17 0.33],4 3 2 0 2 4 4 0 2 3 2 1 1 2 2 4 2 2 2 1 4 4 2 2 3 4 3 3 1 1 4 1 3 2 4 0 4 1 2 3 2 2 3 0 4 1 0 2 4 0 2 1 2 1 2 4 4 3 0 0 4 2 4 4 4 1 4 2 2 3 4 0 2 2 2 2 2 4 2 0 2 3 4 4 2 3 0 0 1 1 4 2 2 1 1 4 2 2 4 0 0 1 2 2 4 0 4 3 2 1 3 4 3 0 1 4 4 0 0 2 3 3 4 0 3 3 2 2 0 4 1 1 0 2 4 0 0 3 2 2 4 0 0 1 0 4 3 3
188,1,random_forest,0.5,50,50,0.29931972789115646,0.5750020892802529,[0.11 0.31 0.28 0.17 0.13] [0.17 0.17 0.31 0.23 0.12] [0.23 0.12 0.37 0.13 0.15] [0.2  0.17 0.22 0.17 0.24] [0.11 0.13 0.14 0.13 0.49] [0.18 0.16 0.2  0.24 0.22] [0.1  0.16 0.5  0.05 0.19] [0.13 0.2  0.17 0.24 0.26] [0.25 0.09 0.29 0.15 0.22] [0.14 0.1  0.36 0.15 0.25] [0.19 0.13 0.17 0.42 0.09] [0.24 0.14 0.12 0.3  0.2 ] [0.18 0.2  0.28 0.16 0.18] [0.1  0.13 0.45 0.16 0.16] [0.17 0.13 0.38 0.09 0.23] [0.21 0.08 0.3  0.09 0.32] [0.28 0.11 0.24 0.09 0.28] [0.12 0.1  0.21 0.21 0.36] [0.12 0.08 0.16 0.13 0.51] [0.23 0.1  0.25 0.14 0.28] [0.21 0.18 0.33 0.1  0.18] [0.25 0.11 0.36 0.15 0.13] [0.27 0.2  0.31 0.03 0.19] [0.17 0.11 0.37 0.11 0.24] [0.25 0.22 0.29 0.13 0.11] [0.18 0.14 0.2  0.35 0.13] [0.09 0.13 0.39 0.1  0.29] [0.16 0.1  0.34 0.1  0.3 ] [0.17 0.22 0.2  0.22 0.19] [0.2  0.23 0.18 0.13 0.26] [0.12 0.16 0.11 0.42 0.19] [0.13 0.17 0.32 0.2  0.18] [0.15 0.17 0.27 0.2  0.21] [0.1  0.1  0.2  0.32 0.28] [0.19 0.18 0.35 0.13 0.15] [0.29 0.1  0.23 0.17 0.21] [0.17 0.2  0.33 0.19 0.11] [0.16 0.13 0.43 0.08 0.2 ] [0.21 0.19 0.23 0.13 0.24] [0.16 0.19 0.27 0.18 0.2 ] [0.14 0.16 0.32 0.09 0.29] [0.21 0.16 0.32 0.17 0.14] [0.08 0.1  0.29 0.09 0.44] [0.1  0.29 0.14 0.15 0.32] [0.18 0.16 0.24 0.2  0.22] [0.17 0.07 0.21 0.17 0.38] [0.16 0.15 0.29 0.24 0.16] [0.28 0.12 0.2  0.1  0.3 ] [0.09 0.22 0.27 0.22 0.2 ] [0.29 0.1  0.28 0.17 0.16] [0.19 0.1  0.33 0.08 0.3 ] [0.22 0.19 0.39 0.09 0.11] [0.17 0.11 0.48 0.13 0.11] [0.14 0.21 0.36 0.11 0.18] [0.24 0.21 0.24 0.19 0.12] [0.28 0.11 0.2  0.15 0.26] [0.16 0.16 0.26 0.07 0.35] [0.14 0.16 0.31 0.19 0.2 ] [0.2  0.15 0.19 0.16 0.3 ] [0.17 0.13 0.3  0.21 0.19] [0.19 0.11 0.28 0.13 0.29] [0.21 0.25 0.24 0.19 0.11] [0.15 0.16 0.36 0.15 0.18] [0.18 0.18 0.3  0.12 0.22] [0.14 0.24 0.33 0.16 0.13] [0.14 0.24 0.2  0.17 0.25] [0.36 0.04 0.26 0.09 0.25] [0.18 0.18 0.25 0.14 0.25] [0.21 0.12 0.27 0.13 0.27] [0.24 0.07 0.19 0.32 0.18] [0.14 0.26 0.3  0.05 0.25] [0.21 0.16 0.29 0.12 0.22] [0.15 0.19 0.31 0.18 0.17] [0.06 0.12 0.27 0.14 0.41] [0.23 0.11 0.38 0.09 0.19] [0.09 0.12 0.16 0.05 0.58] [0.14 0.2  0.36 0.17 0.13] [0.17 0.07 0.26 0.11 0.39] [0.15 0.16 0.36 0.11 0.22] [0.1  0.13 0.3  0.11 0.36] [0.15 0.17 0.33 0.12 0.23] [0.1  0.05 0.12 0.12 0.61] [0.25 0.06 0.27 0.16 0.26] [0.15 0.2  0.27 0.21 0.17] [0.16 0.16 0.34 0.19 0.15] [0.23 0.17 0.3  0.15 0.15] [0.19 0.2  0.27 0.11 0.23] [0.14 0.15 0.23 0.14 0.34] [0.17 0.09 0.26 0.2  0.28] [0.14 0.11 0.15 0.04 0.56] [0.16 0.2  0.28 0.09 0.27] [0.25 0.17 0.27 0.13 0.18] [0.13 0.16 0.41 0.17 0.13] [0.19 0.23 0.18 0.11 0.29] [0.1  0.19 0.1  0.03 0.58] [0.18 0.22 0.23 0.21 0.16] [0.27 0.17 0.19 0.22 0.15] [0.21 0.24 0.34 0.14 0.07] [0.03 0.05 0.19 0.05 0.68] [0.19 0.07 0.31 0.1  0.33] [0.23 0.14 0.19 0.27 0.17] [0.08 0.16 0.26 0.17 0.33] [0.19 0.15 0.42 0.13 0.11] [0.16 0.14 0.25 0.27 0.18] [0.3  0.15 0.24 0.12 0.19] [0.17 0.25 0.29 0.22 0.07] [0.12 0.08 0.26 0.13 0.41] [0.18 0.13 0.47 0.09 0.13] [0.16 0.05 0.4  0.23 0.16] [0.19 0.12 0.28 0.21 0.2 ] [0.18 0.11 0.26 0.06 0.39] [0.12 0.15 0.17 0.11 0.45] [0.13 0.1  0.28 0.19 0.3 ] [0.32 0.06 0.28 0.14 0.2 ] [0.2  0.14 0.21 0.11 0.34] [0.19 0.1  0.18 0.27 0.26] [0.22 0.16 0.29 0.11 0.22] [0.04 0.06 0.11 0.04 0.75] [0.23 0.12 0.38 0.09 0.18] [0.21 0.07 0.19 0.22 0.31] [0.16 0.23 0.15 0.21 0.25] [0.17 0.2  0.34 0.14 0.15] [0.16 0.09 0.27 0.27 0.21] [0.22 0.15 0.34 0.15 0.14] [0.17 0.28 0.2  0.07 0.28] [0.19 0.15 0.36 0.08 0.22] [0.19 0.13 0.44 0.06 0.18] [0.09 0.22 0.28 0.2  0.21] [0.26 0.15 0.31 0.14 0.14] [0.2  0.17 0.25 0.15 0.23] [0.1  0.36 0.28 0.08 0.18] [0.16 0.15 0.27 0.15 0.27] [0.23 0.2  0.18 0.22 0.17] [0.12 0.26 0.39 0.14 0.09] [0.27 0.11 0.37 0.09 0.16] [0.16 0.25 0.25 0.22 0.12] [0.05 0.23 0.31 0.13 0.28] [0.26 0.1  0.2  0.23 0.21] [0.11 0.21 0.22 0.24 0.22] [0.11 0.13 0.27 0.2  0.29] [0.13 0.14 0.22 0.21 0.3 ] [0.26 0.08 0.25 0.19 0.22] [0.06 0.04 0.05 0.05 0.8 ] [0.16 0.14 0.33 0.22 0.15] [0.21 0.13 0.31 0.19 0.16] [0.21 0.22 0.43 0.09 0.05] [0.12 0.21 0.54 0.08 0.05],2 3 1 2 4 2 2 3 3 2 4 1 0 1 1 4 2 4 4 2 2 1 4 1 2 3 0 0 2 2 4 2 4 4 2 2 2 4 4 4 0 3 4 3 0 2 3 4 3 1 3 1 2 2 2 3 2 2 0 4 2 0 3 1 1 2 3 1 2 3 2 3 0 2 0 4 4 0 0 0 4 4 3 2 3 2 3 2 1 4 1 0 0 0 4 4 4 1 4 2 2 4 3 2 0 2 4 1 2 3 1 4 0 1 0 3 2 4 4 4 3 4 2 4 2 1 0 2 4 0 2 0 4 1 0 0 2 4 1 0 0 2 4 0 2 2 1
188,2,random_forest,0.5,50,50,0.3877551020408163,0.663001539847659,[0.17 0.22 0.33 0.13 0.15] [0.36 0.04 0.24 0.15 0.21] [0.1  0.18 0.21 0.16 0.35] [0.22 0.14 0.26 0.12 0.26] [0.16 0.23 0.27 0.1  0.24] [0.21 0.09 0.35 0.12 0.23] [0.16 0.11 0.43 0.09 0.21] [0.11 0.3  0.32 0.13 0.14] [0.12 0.2  0.17 0.21 0.3 ] [0.16 0.13 0.17 0.26 0.28] [0.18 0.17 0.21 0.25 0.19] [0.15 0.14 0.25 0.1  0.36] [0.24 0.15 0.25 0.1  0.26] [0.17 0.23 0.28 0.14 0.18] [0.08 0.09 0.16 0.03 0.64] [0.23 0.11 0.3  0.18 0.18] [0.35 0.08 0.28 0.1  0.19] [0.18 0.13 0.31 0.17 0.21] [0.3  0.12 0.15 0.25 0.18] [0.21 0.2  0.36 0.08 0.15] [0.16 0.06 0.28 0.28 0.22] [0.21 0.13 0.34 0.14 0.18] [0.24 0.09 0.33 0.2  0.14] [0.17 0.15 0.34 0.09 0.25] [0.13 0.14 0.31 0.17 0.25] [0.23 0.15 0.38 0.07 0.17] [0.17 0.22 0.17 0.21 0.23] [0.17 0.11 0.28 0.25 0.19] [0.13 0.13 0.19 0.29 0.26] [0.08 0.31 0.31 0.14 0.16] [0.18 0.19 0.26 0.26 0.11] [0.13 0.1  0.18 0.09 0.5 ] [0.19 0.26 0.2  0.11 0.24] [0.14 0.15 0.23 0.24 0.24] [0.15 0.13 0.21 0.05 0.46] [0.18 0.17 0.28 0.1  0.27] [0.21 0.12 0.22 0.27 0.18] [0.14 0.22 0.29 0.16 0.19] [0.13 0.13 0.29 0.13 0.32] [0.2  0.12 0.26 0.15 0.27] [0.15 0.19 0.33 0.14 0.19] [0.2  0.21 0.38 0.08 0.13] [0.21 0.09 0.28 0.2  0.22] [0.12 0.04 0.15 0.08 0.61] [0.22 0.11 0.23 0.2  0.24] [0.15 0.13 0.16 0.23 0.33] [0.19 0.22 0.37 0.13 0.09] [0.26 0.06 0.4  0.09 0.19] [0.18 0.17 0.19 0.14 0.32] [0.11 0.13 0.27 0.27 0.22] [0.17 0.12 0.24 0.15 0.32] [0.2  0.09 0.11 0.3  0.3 ] [0.23 0.11 0.24 0.24 0.18] [0.16 0.14 0.4  0.19 0.11] [0.16 0.12 0.4  0.1  0.22] [0.18 0.14 0.14 0.23 0.31] [0.18 0.19 0.4  0.08 0.15] [0.11 0.18 0.33 0.11 0.27] [0.09 0.16 0.33 0.26 0.16] [0.11 0.22 0.33 0.08 0.26] [0.21 0.16 0.15 0.32 0.16] [0.2  0.21 0.35 0.11 0.13] [0.17 0.16 0.19 0.3  0.18] [0.12 0.14 0.39 0.18 0.17] [0.15 0.17 0.27 0.24 0.17] [0.11 0.15 0.28 0.17 0.29] [0.13 0.14 0.36 0.18 0.19] [0.25 0.17 0.16 0.16 0.26] [0.2  0.14 0.32 0.14 0.2 ] [0.11 0.13 0.32 0.19 0.25] [0.22 0.1  0.19 0.06 0.43] [0.1  0.04 0.17 0.05 0.64] [0.23 0.15 0.18 0.2  0.24] [0.17 0.11 0.33 0.1  0.29] [0.15 0.14 0.31 0.14 0.26] [0.19 0.21 0.21 0.17 0.22] [0.2  0.17 0.3  0.2  0.13] [0.31 0.13 0.16 0.12 0.28] [0.13 0.2  0.31 0.2  0.16] [0.21 0.15 0.17 0.22 0.25] [0.11 0.21 0.32 0.11 0.25] [0.2  0.14 0.2  0.12 0.34] [0.17 0.14 0.23 0.19 0.27] [0.11 0.16 0.39 0.08 0.26] [0.22 0.31 0.18 0.15 0.14] [0.13 0.09 0.53 0.12 0.13] [0.18 0.13 0.32 0.26 0.11] [0.19 0.21 0.16 0.14 0.3 ] [0.29 0.18 0.24 0.13 0.16] [0.14 0.16 0.18 0.29 0.23] [0.21 0.16 0.27 0.19 0.17] [0.15 0.18 0.28 0.28 0.11] [0.23 0.14 0.19 0.26 0.18] [0.17 0.1  0.2  0.17 0.36] [0.19 0.15 0.19 0.28 0.19] [0.23 0.13 0.25 0.19 0.2 ] [0.2  0.11 0.18 0.35 0.16] [0.21 0.16 0.3  0.16 0.17] [0.18 0.17 0.29 0.2  0.16] [0.21 0.12 0.41 0.13 0.13] [0.18 0.2  0.18 0.24 0.2 ] [0.16 0.15 0.25 0.16 0.28] [0.26 0.18 0.3  0.17 0.09] [0.12 0.23 0.19 0.28 0.18] [0.16 0.18 0.36 0.07 0.23] [0.2  0.18 0.37 0.11 0.14] [0.25 0.31 0.21 0.11 0.12] [0.11 0.16 0.22 0.19 0.32] [0.21 0.13 0.35 0.21 0.1 ] [0.18 0.16 0.33 0.12 0.21] [0.24 0.16 0.3  0.1  0.2 ] [0.19 0.16 0.38 0.12 0.15] [0.25 0.09 0.33 0.13 0.2 ] [0.22 0.11 0.31 0.19 0.17] [0.27 0.15 0.35 0.11 0.12] [0.16 0.16 0.31 0.15 0.22] [0.18 0.13 0.38 0.17 0.14] [0.2  0.1  0.22 0.25 0.23] [0.13 0.15 0.16 0.24 0.32] [0.17 0.1  0.2  0.24 0.29] [0.36 0.09 0.32 0.07 0.16] [0.26 0.09 0.22 0.16 0.27] [0.17 0.18 0.32 0.13 0.2 ] [0.14 0.24 0.32 0.11 0.19] [0.12 0.27 0.26 0.04 0.31] [0.11 0.07 0.33 0.24 0.25] [0.22 0.15 0.29 0.12 0.22] [0.13 0.16 0.5  0.05 0.16] [0.15 0.2  0.28 0.16 0.21] [0.19 0.14 0.12 0.15 0.4 ] [0.2  0.06 0.17 0.07 0.5 ] [0.13 0.14 0.26 0.18 0.29] [0.17 0.16 0.38 0.11 0.18] [0.15 0.21 0.29 0.06 0.29] [0.24 0.14 0.37 0.08 0.17] [0.19 0.11 0.42 0.08 0.2 ] [0.16 0.07 0.27 0.09 0.41] [0.18 0.14 0.2  0.27 0.21] [0.26 0.13 0.32 0.12 0.17] [0.18 0.18 0.26 0.07 0.31] [0.25 0.09 0.31 0.13 0.22] [0.09 0.17 0.27 0.34 0.13] [0.21 0.15 0.28 0.2  0.16] [0.26 0.11 0.12 0.4  0.11] [0.15 0.14 0.27 0.2  0.24] [0.12 0.18 0.16 0.17 0.37] [0.15 0.13 0.15 0.17 0.4 ],1 1 4 2 2 1 4 2 2 3 0 2 4 2 4 3 2 0 0 1 0 3 3 2 1 0 1 2 4 2 3 4 1 0 2 0 1 0 4 4 1 2 2 4 0 4 1 2 2 4 0 4 2 1 2 4 1 4 1 2 3 2 3 2 3 2 0 3 0 3 4 4 4 4 1 1 3 0 2 3 4 4 0 2 2 1 4 3 2 1 2 2 0 4 0 4 2 1 2 3 4 4 4 3 2 0 1 3 2 4 2 2 4 1 2 3 2 0 2 4 0 3 2 3 2 2 2 0 1 4 4 0 0 4 4 0 4 2 0 2 0 2 4 3 3 0 4
188,3,random_forest,0.5,50,50,0.3945578231292517,0.6287893783401183,[0.27 0.09 0.13 0.27 0.24] [0.18 0.08 0.25 0.08 0.41] [0.13 0.15 0.29 0.1  0.33] [0.18 0.11 0.26 0.22 0.23] [0.1  0.29 0.24 0.14 0.23] [0.23 0.08 0.27 0.06 0.36] [0.18 0.09 0.26 0.27 0.2 ] [0.25 0.06 0.27 0.12 0.3 ] [0.2  0.13 0.28 0.13 0.26] [0.24 0.11 0.3  0.12 0.23] [0.05 0.07 0.19 0.04 0.65] [0.21 0.25 0.21 0.11 0.22] [0.25 0.12 0.23 0.16 0.24] [0.35 0.12 0.31 0.14 0.08] [0.13 0.09 0.26 0.12 0.4 ] [0.15 0.14 0.42 0.14 0.15] [0.26 0.1  0.21 0.17 0.26] [0.15 0.17 0.37 0.18 0.13] [0.15 0.21 0.42 0.03 0.19] [0.1  0.2  0.27 0.15 0.28] [0.19 0.16 0.41 0.11 0.13] [0.16 0.19 0.2  0.23 0.22] [0.18 0.12 0.27 0.29 0.14] [0.16 0.08 0.2  0.26 0.3 ] [0.2  0.11 0.19 0.29 0.21] [0.11 0.17 0.33 0.23 0.16] [0.28 0.07 0.33 0.15 0.17] [0.14 0.25 0.26 0.07 0.28] [0.1  0.05 0.15 0.14 0.56] [0.2  0.08 0.32 0.2  0.2 ] [0.2  0.14 0.26 0.17 0.23] [0.27 0.14 0.31 0.18 0.1 ] [0.09 0.09 0.15 0.07 0.6 ] [0.2  0.25 0.34 0.1  0.11] [0.17 0.11 0.25 0.3  0.17] [0.16 0.21 0.27 0.15 0.21] [0.25 0.19 0.22 0.18 0.16] [0.24 0.17 0.23 0.17 0.19] [0.22 0.14 0.23 0.22 0.19] [0.11 0.17 0.25 0.28 0.19] [0.15 0.1  0.4  0.13 0.22] [0.17 0.08 0.37 0.17 0.21] [0.21 0.13 0.32 0.11 0.23] [0.16 0.19 0.29 0.15 0.21] [0.19 0.14 0.35 0.11 0.21] [0.14 0.19 0.24 0.17 0.26] [0.11 0.09 0.14 0.01 0.65] [0.18 0.17 0.28 0.17 0.2 ] [0.2  0.11 0.23 0.13 0.33] [0.23 0.12 0.19 0.19 0.27] [0.2  0.13 0.37 0.07 0.23] [0.18 0.22 0.32 0.11 0.17] [0.23 0.1  0.17 0.36 0.14] [0.17 0.13 0.22 0.2  0.28] [0.21 0.03 0.37 0.13 0.26] [0.38 0.08 0.22 0.1  0.22] [0.25 0.17 0.29 0.19 0.1 ] [0.2  0.19 0.31 0.15 0.15] [0.19 0.13 0.31 0.03 0.34] [0.16 0.08 0.09 0.33 0.34] [0.12 0.25 0.41 0.11 0.11] [0.2  0.08 0.18 0.21 0.33] [0.15 0.16 0.32 0.21 0.16] [0.23 0.14 0.24 0.25 0.14] [0.21 0.14 0.17 0.27 0.21] [0.24 0.13 0.25 0.15 0.23] [0.1  0.12 0.31 0.11 0.36] [0.22 0.05 0.2  0.24 0.29] [0.14 0.16 0.37 0.22 0.11] [0.2  0.1  0.3  0.22 0.18] [0.24 0.08 0.3  0.18 0.2 ] [0.21 0.06 0.15 0.32 0.26] [0.21 0.15 0.44 0.07 0.13] [0.19 0.2  0.33 0.17 0.11] [0.2  0.12 0.27 0.13 0.28] [0.15 0.11 0.25 0.26 0.23] [0.27 0.08 0.28 0.18 0.19] [0.11 0.19 0.31 0.23 0.16] [0.16 0.21 0.27 0.12 0.24] [0.2  0.05 0.21 0.23 0.31] [0.22 0.14 0.33 0.17 0.14] [0.35 0.1  0.29 0.1  0.16] [0.13 0.06 0.17 0.21 0.43] [0.2  0.17 0.31 0.08 0.24] [0.28 0.24 0.23 0.14 0.11] [0.19 0.21 0.42 0.08 0.1 ] [0.31 0.05 0.3  0.15 0.19] [0.27 0.13 0.31 0.13 0.16] [0.21 0.2  0.27 0.21 0.11] [0.2  0.13 0.42 0.11 0.14] [0.03 0.07 0.09 0.06 0.75] [0.05 0.14 0.17 0.05 0.59] [0.11 0.28 0.31 0.18 0.12] [0.22 0.04 0.21 0.21 0.32] [0.16 0.08 0.47 0.12 0.17] [0.31 0.11 0.39 0.08 0.11] [0.13 0.12 0.15 0.29 0.31] [0.16 0.14 0.35 0.08 0.27] [0.17 0.16 0.24 0.22 0.21] [0.19 0.1  0.38 0.21 0.12] [0.24 0.14 0.15 0.27 0.2 ] [0.17 0.1  0.29 0.25 0.19] [0.11 0.23 0.16 0.13 0.37] [0.18 0.15 0.41 0.07 0.19] [0.13 0.1  0.21 0.37 0.19] [0.35 0.04 0.4  0.11 0.1 ] [0.13 0.23 0.28 0.25 0.11] [0.12 0.16 0.31 0.2  0.21] [0.21 0.13 0.38 0.07 0.21] [0.11 0.18 0.41 0.11 0.19] [0.2  0.15 0.26 0.19 0.2 ] [0.24 0.16 0.33 0.1  0.17] [0.22 0.13 0.4  0.14 0.11] [0.09 0.28 0.29 0.2  0.14] [0.15 0.14 0.2  0.2  0.31] [0.17 0.19 0.38 0.1  0.16] [0.19 0.19 0.21 0.11 0.3 ] [0.12 0.14 0.28 0.09 0.37] [0.18 0.18 0.17 0.15 0.32] [0.17 0.15 0.33 0.14 0.21] [0.23 0.08 0.32 0.11 0.26] [0.17 0.22 0.33 0.14 0.14] [0.23 0.16 0.44 0.07 0.1 ] [0.15 0.27 0.32 0.13 0.13] [0.32 0.12 0.37 0.13 0.06] [0.27 0.16 0.21 0.17 0.19] [0.06 0.14 0.38 0.09 0.33] [0.26 0.28 0.25 0.14 0.07] [0.19 0.19 0.28 0.15 0.19] [0.18 0.19 0.46 0.06 0.11] [0.17 0.19 0.32 0.21 0.11] [0.28 0.06 0.3  0.12 0.24] [0.19 0.13 0.3  0.17 0.21] [0.06 0.13 0.14 0.02 0.65] [0.14 0.16 0.24 0.12 0.34] [0.27 0.2  0.25 0.09 0.19] [0.15 0.17 0.34 0.17 0.17] [0.12 0.14 0.33 0.19 0.22] [0.22 0.19 0.33 0.11 0.15] [0.19 0.2  0.19 0.1  0.32] [0.3  0.08 0.21 0.15 0.26] [0.25 0.03 0.26 0.24 0.22] [0.12 0.18 0.42 0.17 0.11] [0.12 0.19 0.38 0.09 0.22] [0.23 0.12 0.36 0.14 0.15] [0.22 0.12 0.22 0.14 0.3 ] [0.13 0.16 0.36 0.24 0.11],0 3 0 1 3 3 0 4 2 0 4 0 2 1 4 2 3 2 0 4 2 3 4 2 4 3 2 1 0 3 0 2 4 4 4 2 2 1 4 1 0 4 2 0 2 2 4 2 4 0 2 2 3 2 0 1 1 0 4 3 1 3 1 4 3 0 2 4 4 4 3 4 1 0 3 3 3 2 0 1 4 4 4 0 3 2 3 3 1 1 4 4 2 4 2 4 4 0 2 3 2 2 4 4 0 2 2 1 2 1 3 2 2 2 0 0 4 0 2 2 4 2 0 1 4 2 2 1 2 1 0 0 2 4 4 1 2 1 2 4 4 3 0 2 2 2 1
